   -.3422499468657835E+01   -.2697049172219678E-02    .2481357320310323E-03
   -.3422485578697263E+01   -.1405089443688718E-01    .1284695893136231E-02
   -.3422413207057106E+01   -.3447021015641242E-01    .3148758787459001E-02
   -.3422201295757467E+01   -.6394733051722255E-01    .5839014514583526E-02
   -.3421733081381011E+01   -.1024651935730972E+00    .9352194783892641E-02
   -.3420856444616937E+01   -.1500009106443456E+00    .1368248989232663E-01
   -.3419384365519575E+01   -.2065261146611310E+00    .1882037169596703E-01
   -.3417095483598515E+01   -.2720070394977505E+00    .2475105102026928E-01
   -.3413734761364003E+01   -.3464045567350471E+00    .3145251396648764E-01
   -.3409014249666458E+01   -.4296742045622358E+00    .3889301990764941E-01
   -.3402613952908895E+01   -.5217662164966559E+00    .4702789598886130E-01
   -.3394182791958686E+01   -.6226255520660778E+00    .5579543073000370E-01
   -.3383339662338746E+01   -.7321919301539501E+00    .6511167625550142E-01
   -.3369674585037808E+01   -.8503998652589357E+00    .7486405108844857E-01
   -.3352749947045611E+01   -.9771787067602253E+00    .8490384208354554E-01
   -.3332101828491946E+01   -.1112452681216267E+01    .9503809413937031E-01
   -.3307241413049186E+01   -.1256140937696342E+01    .1050220142592617E+00
   -.3277656478046749E+01   -.1408157596130492E+01    .1145539617899160E+00
   -.3242812960543290E+01   -.1568411798655689E+01    .1232763856932161E+00
   -.3202156595408910E+01   -.1736807763931296E+01    .1307876830283698E+00
   -.3155114621285714E+01   -.1913244844393571E+01    .1366717544438793E+00
   -.3101097550121044E+01   -.2097617586416293E+01    .1405536959310031E+00
   -.3039500995804236E+01   -.2289815793342342E+01    .1421913010528468E+00
   -.2969707557284997E+01   -.2489724591349089E+01    .1416149157227859E+00
   -.2891088751410019E+01   -.2697224498108536E+01    .1393446630003223E+00
   -.2803006990584441E+01   -.2912191494201404E+01    .1367174876719185E+00
   -.2704817600246725E+01   -.3134497097242609E+01    .1358221981745207E+00
   -.2595870871039486E+01   -.3364008438673934E+01    .1379521147377431E+00
   -.2475514140465319E+01   -.3600588343178069E+01    .1427357105980933E+00
   -.2343093898735717E+01   -.3844095410666603E+01    .1488739808017253E+00
   -.2197957913453155E+01   -.4094384100792976E+01    .1548637778387585E+00
   -.2039457367711278E+01   -.4351304819939948E+01    .1593941427886768E+00
   -.1866949006156277E+01   -.4614704010629564E+01    .1615461670816979E+00
   -.1679797283523845E+01   -.4884424243302230E+01    .1608629564563334E+00
   -.1477376510150743E+01   -.5160304310410030E+01    .1573271448715240E+00
   -.1259072988958057E+01   -.5442179322768059E+01    .1512749882422205E+00
   -.1024287138414638E+01   -.5729880808106187E+01    .1432750160587067E+00
   -.7724355960139184E+00   -.6023236811762382E+01    .1339984817170566E+00
   -.5029532968354378E+00   -.6322071999457366E+01    .1241049834338568E+00
   -.2152955218136401E+00   -.6626207762089209E+01    .1141591803816300E+00
    .9106008959915357E-01   -.6935462322485244E+01    .1045851162693644E+00
    .4166115676112461E+00   -.7249650844047454E+01    .9565572394058172E-01
    .7618306862572721E+00   -.7568585541226449E+01    .8750874309635048E-01
    .1127161088594009E+01   -.7892075791757957E+01    .8017758558858191E-01
    .1513016467854366E+01   -.8219928250594787E+01    .7362639970686764E-01
    .1919778809360541E+01   -.8551946965466158E+01    .6778154483288076E-01
    .2347796697858539E+01   -.8887933493995295E+01    .6255539662384130E-01
    .2797383694786164E+01   -.9227687022305350E+01    .5786162824228979E-01
    .3268816789825265E+01   -.9571004485042721E+01    .5362320312707430E-01
    .3762334930917111E+01   -.9917680686746033E+01    .4977520107041726E-01
    .4278137636737553E+01   -.1026750842448825E+02    .4626458979697946E-01
    .4816383695436669E+01   -.1062027861171862E+02    .4304857459206795E-01
    .5377189953246012E+01   -.1097578040323047E+02    .4009256414251577E-01
    .5960630196346380E+01   -.1133380132118002E+02    .3736828966997204E-01
    .6566734129170151E+01   -.1169412738208112E+02    .3485227862168438E-01
    .7195486452085794E+01   -.1205654322469980E+02    .3252470079039833E-01
    .7846826041177889E+01   -.1242083223877230E+02    .3036852754624820E-01
    .8520645232595506E+01   -.1278677669446966E+02    .2836892733863633E-01
    .9216789213694657E+01   -.1315415787253140E+02    .2651282949802557E-01
    .9935055522947902E+01   -.1352275619499061E+02    .2478860475304205E-01
    .1067519366033664E+02   -.1389235135641223E+02    .2318582627594268E-01
    .1143690480967948E+02   -.1426272245556619E+02    .2169508684379645E-01
    .1221984167408435E+02   -.1463364812745662E+02    .2030785585127918E-01
    .1302360842544277E+02   -.1500490667562819E+02    .1901636527125777E-01
    .1384776076861366E+02   -.1537627620467066E+02    .1781351711695682E-01
    .1469180612067011E+02   -.1574753475284223E+02    .1669280719642322E-01
    .1555520390530847E+02   -.1611846042473266E+02    .1564826142449029E-01
    .1643736596224378E+02   -.1648883152388663E+02    .1467438195611681E-01
    .1733765707114048E+02   -.1685842668530825E+02    .1376610110122198E-01
    .1825539558935318E+02   -.1722702500776745E+02    .1291874147918511E-01
    .1918985420247951E+02   -.1759440618582919E+02    .1212798123473623E-01
    .2014026078645604E+02   -.1796035064152655E+02    .1138982340656363E-01
    .2110579937966060E+02   -.1832463965559906E+02    .1070056874224139E-01
    .2208561126321912E+02   -.1868705549821774E+02    .1005679140644602E-01
    .2307879614745509E+02   -.1904738155911884E+02    .9455317146922698E-02
    .2408441346216303E+02   -.1940540247706839E+02    .8893203573711954E-02
    .2510148374813677E+02   -.1976090426858023E+02    .8367722278608530E-02
    .2612899014713865E+02   -.2011367445581061E+02    .7876342578612397E-02
    .2716587998725647E+02   -.2046350219355282E+02    .7416716712428561E-02
    .2821106646036413E+02   -.2081017839525613E+02    .6986666354419523E-02
    .2926343038817738E+02   -.2115349585799351E+02    .6584170335213423E-02
    .3032182207318030E+02   -.2149324938630356E+02    .6207353468865260E-02
    .3138506323049098E+02   -.2182923591483269E+02    .5854476374644323E-02
    .3245194899653615E+02   -.2216125462970406E+02    .5523926131481493E-02
    .3352125001021624E+02   -.2248910708854089E+02    .5214207488985876E-02
    .3459171456206379E+02   -.2281259733907240E+02    .4923934144834630E-02
    .3566207080672935E+02   -.2313153203625140E+02    .4651819246143799E-02
    .3673102903397252E+02   -.2344572055781361E+02    .4396663764952042E-02
    .3779728399318914E+02   -.2375497511820965E+02    .4157340781356864E-02
    .3885951726637146E+02   -.2405911088084149E+02    .3932773146330793E-02
    .3991639968427547E+02   -.2435794606853647E+02    .3721901812152466E-02
    .4096659378045949E+02   -.2465130207219267E+02    .3523642770963812E-02
    .4200875627775995E+02   -.2493900355753080E+02    .3336832498904533E-02
    .4304154060168570E+02   -.2522087856988882E+02    .3160165295490071E-02
    .4406359941513965E+02   -.2549675863699662E+02    .2992130634649823E-02
    .4507358716881767E+02   -.2576647886966929E+02    .2830963575800362E-02
    .4607016266158903E+02   -.2602987806035891E+02    .2674624737079244E-02
    .4705199160513015E+02   -.2628679877950588E+02    .2520826414106401E-02
    .4801774918706450E+02   -.2653708746963225E+02    .2367116763428834E-02
    .4896612262685636E+02   -.2678059453712078E+02    .2211024457577818E-02
    .4989581371871371E+02   -.2701717444162492E+02    .2050253427793082E-02
    .5080554135577788E+02   -.2724668578305624E+02    .1882904265090474E-02
    .5169404402991204E+02   -.2746899138609745E+02    .1707689182243571E-02
    .5256008230144963E+02   -.2768395838219032E+02    .1524104197941303E-02
    .5340244123332538E+02   -.2789145828894976E+02    .1332526792298854E-02
    .5421993278408645E+02   -.2809136708695651E+02    .1134218943312820E-02
    .5501139815436946E+02   -.2828356529388256E+02    .9312315027427807E-03
    .5577571008152977E+02   -.2846793803590528E+02    .7262225531689703E-03
    .5651177507722254E+02   -.2864437511636755E+02    .5222160138834784E-03
    .5721853560286139E+02   -.2881277108164316E+02    .3223346993364356E-03
    .5789497217801745E+02   -.2897302528416836E+02    .1295432668474711E-03
    .5854010541697264E+02   -.2912504194260251E+02   -.5356835705865464E-04
    .5915299798880125E+02   -.2926873019908259E+02   -.2249395983022905E-03
    .5973275649652863E+02   -.2940400417353863E+02   -.3831215283047144E-03
    .6027853327110081E+02   -.2953078301503992E+02   -.5272874756589759E-03
    .6078952807609745E+02   -.2964899095014490E+02   -.6571821245736631E-03
    .6126498971933650E+02   -.2975855732823278E+02   -.7730263121706397E-03
    .6170421756775370E+02   -.2985941666380219E+02   -.8753982406144240E-03
    .6210656296221519E+02   -.2995150867573662E+02   -.9651105702052828E-03
    .6247143052926356E+02   -.3003477832356380E+02   -.1043096825318312E-02
    .6279827938731052E+02   -.3010917584080110E+02   -.1110312830200601E-02
    .6308662424573018E+02   -.3017465676563772E+02   -.1167654917104562E-02
    .6333603639754300E+02   -.3023118196965451E+02   -.1215898563108177E-02
    .6354614461303427E+02   -.3027871768672576E+02   -.1255663644839138E-02
    .6371663596646772E+02   -.3031723554978163E+02   -.1287408929713951E-02
    .6384725674829683E+02   -.3034671267014244E+02   -.1311450035546541E-02
    .6393781446652744E+02   -.3036713198586196E+02   -.1327989332448205E-02
    .6398819403885769E+02   -.3037848583112664E+02   -.1337148810163761E-02
    .6400119853705354E+02   -.3037582577547527E+02   -.1340341653890627E-02
    .6400631187363322E+02   -.3035311805729110E+02   -.1344062495217593E-02
    .6401549832779961E+02   -.3031227937611623E+02   -.1348456733461981E-02
    .6402873798656368E+02   -.3025332506359647E+02   -.1351621027372654E-02
    .6404599945301129E+02   -.3017628924366583E+02   -.1352673709068242E-02
    .6406724152568449E+02   -.3008121769373945E+02   -.1351615949604562E-02
    .6409241344798831E+02   -.2996816714802607E+02   -.1348838428170356E-02
    .6412145505766480E+02   -.2983720513885936E+02   -.1344761713701309E-02
    .6415429693809055E+02   -.2968840992317294E+02   -.1339688483980412E-02
    .6419086058670109E+02   -.2952187042469668E+02   -.1333793957175301E-02
    .6423105860361227E+02   -.2933768617651710E+02   -.1327164963217672E-02
    .6427479490096385E+02   -.2913596725971274E+02   -.1319838927851212E-02
    .6432196493280922E+02   -.2891683423666352E+02   -.1311829171637778E-02
    .6437245594512451E+02   -.2868041807853163E+02   -.1303138271904073E-02
    .6442614724539074E+02   -.2842686008673077E+02   -.1293764272513531E-02
    .6448291049112748E+02   -.2815631180832860E+02   -.1283703350308213E-02
    .6454260999669984E+02   -.2786893494538350E+02   -.1272950926299488E-02
    .6460510305767075E+02   -.2756490125824455E+02   -.1261502136463200E-02
    .6467024029192666E+02   -.2724439246285914E+02   -.1249352047453430E-02
    .6473786599676262E+02   -.2690760012214180E+02   -.1236495777388776E-02
    .6480781852107437E+02   -.2655472553146520E+02   -.1222928581473711E-02
    .6487993065176829E+02   -.2618597959833862E+02   -.1208645924634740E-02
    .6495403001346590E+02   -.2580158271634471E+02   -.1193643552099529E-02
    .6502993948054771E+02   -.2540176463340853E+02   -.1177917559641862E-02
    .6510747760055163E+02   -.2498676431447711E+02   -.1161464463957838E-02
    .6518645902791395E+02   -.2455682979869107E+02   -.1144281274127540E-02
    .6526669496701615E+02   -.2411221805113354E+02   -.1126365562832983E-02
    .6534799362347852E+02   -.2365319480924458E+02   -.1107715537567472E-02
    .6543016066262190E+02   -.2318003442399293E+02   -.1088330111196284E-02
    .6551299967400163E+02   -.2269301969589982E+02   -.1068208971328543E-02
    .6559631264090332E+02   -.2219244170601287E+02   -.1047352648253775E-02
    .6567990041367818E+02   -.2167859964193093E+02   -.1025762580807283E-02
    .6576356318578645E+02   -.2115180061898394E+02   -.1003441179853955E-02
    .6584710097141105E+02   -.2061235949667453E+02   -.9803918888475381E-03
    .6593031408349979E+02   -.2006059869049119E+02   -.9566192410997943E-03
    .6601300361109330E+02   -.1949684797920536E+02   -.9321289133041744E-03
    .6609497189479789E+02   -.1892144430776765E+02   -.9069277748942616E-03
    .6617602299926666E+02   -.1833473158592097E+02   -.8810239328663895E-03
    .6625596318155949E+02   -.1773706048265092E+02   -.8544267716607538E-03
    .6633460135426225E+02   -.1712878821659642E+02   -.8271469877652875E-03
    .6641174954225839E+02   -.1651027834254555E+02   -.7991966186883374E-03
    .6648722333206101E+02   -.1588190053414457E+02   -.7705890660123825E-03
    .6656084231263104E+02   -.1524403036294964E+02   -.7413391122404666E-03
    .6663243050662830E+02   -.1459704907395362E+02   -.7114629311964743E-03
    .6670181679106419E+02   -.1394134335772181E+02   -.6809780917753736E-03
    .6676883530635071E+02   -.1327730511927308E+02   -.6499035548709334E-03
    .6683332585276784E+02   -.1260533124384431E+02   -.6182596633538131E-03
    .6689513427340185E+02   -.1192582335967833E+02   -.5860681250132737E-03
    .6695411282263888E+02   -.1123918759797696E+02   -.5533519884169799E-03
    .6701012051933303E+02   -.1054583435016275E+02   -.5201356116799660E-03
    .6706302348380501E+02   -.9846178022594458E+01   -.4864446241756552E-03
    .6711269525786540E+02   -.9140636788882851E+01   -.4523058812414265E-03
    .6715901710709771E+02   -.8429632339954866E+01   -.4177474119480051E-03
    .6720187830467891E+02   -.7713589632015574E+01   -.3827983599830801E-03
    .6724117639605851E+02   -.6992936632558494E+01   -.3474889176254179E-03
    .6727681744386385E+02   -.6268104064576127E+01   -.3118502526022386E-03
    .6730871625244623E+02   -.5539525149123578E+01   -.2759144271965224E-03
    .6733679657153081E+02   -.4807635346389107E+01   -.2397143079921040E-03
    .6736099127848379E+02   -.4072872095426428E+01   -.2032834622660043E-03
    .6738124253876094E+02   -.3335674552704194E+01   -.1666560307210446E-03
    .6739750194415423E+02   -.2596483329629104E+01   -.1298665472046884E-03
    .6740973062850580E+02   -.1855740229199345E+01   -.9294960771263534E-04
    .6741789936061282E+02   -.1113887981945875E+01   -.5593898296602554E-04
    .6742198861410127E+02   -.3713699813193257E+00   -.1886501308110688E-04
    .6742198861410127E+02    .3713699813193220E+00    .1886501308110688E-04
    .6741789936061282E+02    .1113887981945875E+01    .5593898296602554E-04
    .6740973062850580E+02    .1855740229199345E+01    .9294960771263534E-04
    .6739750194415423E+02    .2596483329629101E+01    .1298665472046884E-03
    .6738124253876094E+02    .3335674552704194E+01    .1666560307210446E-03
    .6736099127848379E+02    .4072872095426428E+01    .2032834622660043E-03
    .6733679657153081E+02    .4807635346389107E+01    .2397143079921040E-03
    .6730871625244623E+02    .5539525149123571E+01    .2759144271965224E-03
    .6727681744386385E+02    .6268104064576127E+01    .3118502526022386E-03
    .6724117639605851E+02    .6992936632558498E+01    .3474889176254179E-03
    .6720187830467891E+02    .7713589632015570E+01    .3827983599830801E-03
    .6715901710709771E+02    .8429632339954866E+01    .4177474119480051E-03
    .6711269525786540E+02    .9140636788882848E+01    .4523058812414265E-03
    .6706302348380501E+02    .9846178022594454E+01    .4864446241756552E-03
    .6701012051933303E+02    .1054583435016275E+02    .5201356116799660E-03
    .6695411282263888E+02    .1123918759797696E+02    .5533519884169799E-03
    .6689513427340185E+02    .1192582335967833E+02    .5860681250132737E-03
    .6683332585276784E+02    .1260533124384431E+02    .6182596633538131E-03
    .6676883530635071E+02    .1327730511927308E+02    .6499035548709334E-03
    .6670181679106419E+02    .1394134335772181E+02    .6809780917753736E-03
    .6663243050662830E+02    .1459704907395362E+02    .7114629311964743E-03
    .6656084231263104E+02    .1524403036294964E+02    .7413391122404666E-03
    .6648722333206101E+02    .1588190053414457E+02    .7705890660123825E-03
    .6641174954225839E+02    .1651027834254556E+02    .7991966186883374E-03
    .6633460135426225E+02    .1712878821659642E+02    .8271469877652875E-03
    .6625596318155949E+02    .1773706048265092E+02    .8544267716607538E-03
    .6617602299926666E+02    .1833473158592096E+02    .8810239328663895E-03
    .6609497189479789E+02    .1892144430776765E+02    .9069277748942616E-03
    .6601300361109330E+02    .1949684797920536E+02    .9321289133041744E-03
    .6593031408349979E+02    .2006059869049119E+02    .9566192410997943E-03
    .6584710097141105E+02    .2061235949667452E+02    .9803918888475381E-03
    .6576356318578645E+02    .2115180061898394E+02    .1003441179853955E-02
    .6567990041367818E+02    .2167859964193093E+02    .1025762580807283E-02
    .6559631264090332E+02    .2219244170601287E+02    .1047352648253775E-02
    .6551299967400163E+02    .2269301969589982E+02    .1068208971328543E-02
    .6543016066262190E+02    .2318003442399293E+02    .1088330111196284E-02
    .6534799362347852E+02    .2365319480924457E+02    .1107715537567472E-02
    .6526669496701615E+02    .2411221805113354E+02    .1126365562832983E-02
    .6518645902791395E+02    .2455682979869108E+02    .1144281274127540E-02
    .6510747760055163E+02    .2498676431447711E+02    .1161464463957838E-02
    .6502993948054771E+02    .2540176463340854E+02    .1177917559641862E-02
    .6495403001346590E+02    .2580158271634471E+02    .1193643552099529E-02
    .6487993065176829E+02    .2618597959833862E+02    .1208645924634740E-02
    .6480781852107437E+02    .2655472553146520E+02    .1222928581473711E-02
    .6473786599676262E+02    .2690760012214180E+02    .1236495777388776E-02
    .6467024029192666E+02    .2724439246285914E+02    .1249352047453430E-02
    .6460510305767075E+02    .2756490125824455E+02    .1261502136463200E-02
    .6454260999669984E+02    .2786893494538350E+02    .1272950926299488E-02
    .6448291049112748E+02    .2815631180832860E+02    .1283703350308213E-02
    .6442614724539074E+02    .2842686008673077E+02    .1293764272513531E-02
    .6437245594512451E+02    .2868041807853163E+02    .1303138271904073E-02
    .6432196493280922E+02    .2891683423666352E+02    .1311829171637778E-02
    .6427479490096385E+02    .2913596725971274E+02    .1319838927851212E-02
    .6423105860361227E+02    .2933768617651710E+02    .1327164963217672E-02
    .6419086058670108E+02    .2952187042469668E+02    .1333793957175301E-02
    .6415429693809055E+02    .2968840992317294E+02    .1339688483980412E-02
    .6412145505766480E+02    .2983720513885936E+02    .1344761713701309E-02
    .6409241344798831E+02    .2996816714802607E+02    .1348838428170356E-02
    .6406724152568449E+02    .3008121769373945E+02    .1351615949604562E-02
    .6404599945301129E+02    .3017628924366584E+02    .1352673709068242E-02
    .6402873798656368E+02    .3025332506359648E+02    .1351621027372654E-02
    .6401549832779961E+02    .3031227937611623E+02    .1348456733461981E-02
    .6400631187363322E+02    .3035311805729109E+02    .1344062495217593E-02
    .6400119853705354E+02    .3037582577547526E+02    .1340341653890627E-02
   -.3422499468657835E+01    .2697049172219678E-02   -.2481357320310323E-03
   -.3422485578697263E+01    .1405089443688718E-01   -.1284695893136231E-02
   -.3422413207057106E+01    .3447021015641242E-01   -.3148758787459001E-02
   -.3422201295757467E+01    .6394733051722255E-01   -.5839014514583526E-02
   -.3421733081381011E+01    .1024651935730972E+00   -.9352194783892641E-02
   -.3420856444616937E+01    .1500009106443456E+00   -.1368248989232663E-01
   -.3419384365519575E+01    .2065261146611310E+00   -.1882037169596703E-01
   -.3417095483598515E+01    .2720070394977505E+00   -.2475105102026928E-01
   -.3413734761364003E+01    .3464045567350471E+00   -.3145251396648764E-01
   -.3409014249666458E+01    .4296742045622358E+00   -.3889301990764941E-01
   -.3402613952908895E+01    .5217662164966559E+00   -.4702789598886130E-01
   -.3394182791958686E+01    .6226255520660778E+00   -.5579543073000370E-01
   -.3383339662338746E+01    .7321919301539501E+00   -.6511167625550142E-01
   -.3369674585037808E+01    .8503998652589357E+00   -.7486405108844857E-01
   -.3352749947045611E+01    .9771787067602253E+00   -.8490384208354554E-01
   -.3332101828491946E+01    .1112452681216267E+01   -.9503809413937031E-01
   -.3307241413049186E+01    .1256140937696342E+01   -.1050220142592617E+00
   -.3277656478046749E+01    .1408157596130492E+01   -.1145539617899160E+00
   -.3242812960543290E+01    .1568411798655689E+01   -.1232763856932161E+00
   -.3202156595408910E+01    .1736807763931296E+01   -.1307876830283698E+00
   -.3155114621285714E+01    .1913244844393571E+01   -.1366717544438793E+00
   -.3101097550121044E+01    .2097617586416293E+01   -.1405536959310031E+00
   -.3039500995804236E+01    .2289815793342342E+01   -.1421913010528468E+00
   -.2969707557284997E+01    .2489724591349089E+01   -.1416149157227859E+00
   -.2891088751410019E+01    .2697224498108536E+01   -.1393446630003223E+00
   -.2803006990584441E+01    .2912191494201404E+01   -.1367174876719185E+00
   -.2704817600246725E+01    .3134497097242609E+01   -.1358221981745207E+00
   -.2595870871039486E+01    .3364008438673934E+01   -.1379521147377431E+00
   -.2475514140465319E+01    .3600588343178069E+01   -.1427357105980933E+00
   -.2343093898735717E+01    .3844095410666603E+01   -.1488739808017253E+00
   -.2197957913453155E+01    .4094384100792976E+01   -.1548637778387585E+00
   -.2039457367711278E+01    .4351304819939948E+01   -.1593941427886768E+00
   -.1866949006156277E+01    .4614704010629564E+01   -.1615461670816979E+00
   -.1679797283523845E+01    .4884424243302230E+01   -.1608629564563334E+00
   -.1477376510150743E+01    .5160304310410030E+01   -.1573271448715240E+00
   -.1259072988958057E+01    .5442179322768059E+01   -.1512749882422205E+00
   -.1024287138414638E+01    .5729880808106187E+01   -.1432750160587067E+00
   -.7724355960139184E+00    .6023236811762382E+01   -.1339984817170566E+00
   -.5029532968354378E+00    .6322071999457366E+01   -.1241049834338568E+00
   -.2152955218136401E+00    .6626207762089209E+01   -.1141591803816300E+00
    .9106008959915357E-01    .6935462322485244E+01   -.1045851162693644E+00
    .4166115676112461E+00    .7249650844047454E+01   -.9565572394058172E-01
    .7618306862572721E+00    .7568585541226449E+01   -.8750874309635048E-01
    .1127161088594009E+01    .7892075791757957E+01   -.8017758558858191E-01
    .1513016467854366E+01    .8219928250594787E+01   -.7362639970686764E-01
    .1919778809360541E+01    .8551946965466158E+01   -.6778154483288076E-01
    .2347796697858539E+01    .8887933493995295E+01   -.6255539662384130E-01
    .2797383694786164E+01    .9227687022305350E+01   -.5786162824228979E-01
    .3268816789825265E+01    .9571004485042721E+01   -.5362320312707430E-01
    .3762334930917111E+01    .9917680686746033E+01   -.4977520107041726E-01
    .4278137636737553E+01    .1026750842448825E+02   -.4626458979697946E-01
    .4816383695436669E+01    .1062027861171862E+02   -.4304857459206795E-01
    .5377189953246012E+01    .1097578040323047E+02   -.4009256414251577E-01
    .5960630196346380E+01    .1133380132118002E+02   -.3736828966997204E-01
    .6566734129170151E+01    .1169412738208112E+02   -.3485227862168438E-01
    .7195486452085794E+01    .1205654322469980E+02   -.3252470079039833E-01
    .7846826041177889E+01    .1242083223877230E+02   -.3036852754624820E-01
    .8520645232595506E+01    .1278677669446966E+02   -.2836892733863633E-01
    .9216789213694657E+01    .1315415787253140E+02   -.2651282949802557E-01
    .9935055522947902E+01    .1352275619499061E+02   -.2478860475304205E-01
    .1067519366033664E+02    .1389235135641223E+02   -.2318582627594268E-01
    .1143690480967948E+02    .1426272245556619E+02   -.2169508684379645E-01
    .1221984167408435E+02    .1463364812745662E+02   -.2030785585127918E-01
    .1302360842544277E+02    .1500490667562819E+02   -.1901636527125777E-01
    .1384776076861366E+02    .1537627620467066E+02   -.1781351711695682E-01
    .1469180612067011E+02    .1574753475284223E+02   -.1669280719642322E-01
    .1555520390530847E+02    .1611846042473266E+02   -.1564826142449029E-01
    .1643736596224378E+02    .1648883152388663E+02   -.1467438195611681E-01
    .1733765707114048E+02    .1685842668530825E+02   -.1376610110122198E-01
    .1825539558935318E+02    .1722702500776745E+02   -.1291874147918511E-01
    .1918985420247951E+02    .1759440618582919E+02   -.1212798123473623E-01
    .2014026078645604E+02    .1796035064152655E+02   -.1138982340656363E-01
    .2110579937966060E+02    .1832463965559906E+02   -.1070056874224139E-01
    .2208561126321912E+02    .1868705549821774E+02   -.1005679140644602E-01
    .2307879614745509E+02    .1904738155911884E+02   -.9455317146922698E-02
    .2408441346216303E+02    .1940540247706839E+02   -.8893203573711954E-02
    .2510148374813677E+02    .1976090426858023E+02   -.8367722278608530E-02
    .2612899014713865E+02    .2011367445581061E+02   -.7876342578612397E-02
    .2716587998725647E+02    .2046350219355282E+02   -.7416716712428561E-02
    .2821106646036413E+02    .2081017839525613E+02   -.6986666354419523E-02
    .2926343038817738E+02    .2115349585799351E+02   -.6584170335213423E-02
    .3032182207318030E+02    .2149324938630356E+02   -.6207353468865260E-02
    .3138506323049098E+02    .2182923591483269E+02   -.5854476374644323E-02
    .3245194899653615E+02    .2216125462970406E+02   -.5523926131481493E-02
    .3352125001021624E+02    .2248910708854089E+02   -.5214207488985876E-02
    .3459171456206379E+02    .2281259733907240E+02   -.4923934144834630E-02
    .3566207080672935E+02    .2313153203625140E+02   -.4651819246143799E-02
    .3673102903397252E+02    .2344572055781361E+02   -.4396663764952042E-02
    .3779728399318914E+02    .2375497511820965E+02   -.4157340781356864E-02
    .3885951726637146E+02    .2405911088084149E+02   -.3932773146330793E-02
    .3991639968427547E+02    .2435794606853647E+02   -.3721901812152466E-02
    .4096659378045949E+02    .2465130207219267E+02   -.3523642770963812E-02
    .4200875627775995E+02    .2493900355753080E+02   -.3336832498904533E-02
    .4304154060168570E+02    .2522087856988882E+02   -.3160165295490071E-02
    .4406359941513965E+02    .2549675863699662E+02   -.2992130634649823E-02
    .4507358716881767E+02    .2576647886966929E+02   -.2830963575800362E-02
    .4607016266158903E+02    .2602987806035891E+02   -.2674624737079244E-02
    .4705199160513015E+02    .2628679877950588E+02   -.2520826414106401E-02
    .4801774918706450E+02    .2653708746963225E+02   -.2367116763428834E-02
    .4896612262685636E+02    .2678059453712078E+02   -.2211024457577818E-02
    .4989581371871371E+02    .2701717444162492E+02   -.2050253427793082E-02
    .5080554135577788E+02    .2724668578305624E+02   -.1882904265090474E-02
    .5169404402991204E+02    .2746899138609745E+02   -.1707689182243571E-02
    .5256008230144963E+02    .2768395838219032E+02   -.1524104197941303E-02
    .5340244123332538E+02    .2789145828894976E+02   -.1332526792298854E-02
    .5421993278408645E+02    .2809136708695651E+02   -.1134218943312820E-02
    .5501139815436946E+02    .2828356529388256E+02   -.9312315027427807E-03
    .5577571008152977E+02    .2846793803590528E+02   -.7262225531689703E-03
    .5651177507722254E+02    .2864437511636755E+02   -.5222160138834784E-03
    .5721853560286139E+02    .2881277108164316E+02   -.3223346993364356E-03
    .5789497217801745E+02    .2897302528416836E+02   -.1295432668474711E-03
    .5854010541697264E+02    .2912504194260251E+02    .5356835705865464E-04
    .5915299798880125E+02    .2926873019908259E+02    .2249395983022905E-03
    .5973275649652863E+02    .2940400417353863E+02    .3831215283047144E-03
    .6027853327110081E+02    .2953078301503992E+02    .5272874756589759E-03
    .6078952807609745E+02    .2964899095014490E+02    .6571821245736631E-03
    .6126498971933650E+02    .2975855732823278E+02    .7730263121706397E-03
    .6170421756775370E+02    .2985941666380219E+02    .8753982406144240E-03
    .6210656296221519E+02    .2995150867573662E+02    .9651105702052828E-03
    .6247143052926356E+02    .3003477832356380E+02    .1043096825318312E-02
    .6279827938731052E+02    .3010917584080110E+02    .1110312830200601E-02
    .6308662424573018E+02    .3017465676563772E+02    .1167654917104562E-02
    .6333603639754300E+02    .3023118196965451E+02    .1215898563108177E-02
    .6354614461303427E+02    .3027871768672576E+02    .1255663644839138E-02
    .6371663596646772E+02    .3031723554978163E+02    .1287408929713951E-02
    .6384725674829683E+02    .3034671267014244E+02    .1311450035546541E-02
    .6393781446652744E+02    .3036713198586196E+02    .1327989332448205E-02
    .6398819403885769E+02    .3037848583112664E+02    .1337148810163761E-02
 Bmu  4.69357083
   -.2499999930110229E+02   -.8360010258165617E-02    .1006088930033175E-03
   -.2499998097637591E+02   -.4361607970801024E-01    .5242154608898108E-03
   -.2499988546219778E+02   -.1070223351522506E+00    .1285993498867732E-02
   -.2499960575922843E+02   -.1985549726328958E+00    .2385404256664226E-02
   -.2499898773570933E+02   -.3181610112305419E+00    .3821102689407746E-02
   -.2499783058887638E+02   -.4657693767970050E+00    .5590699341626132E-02
   -.2499588744591726E+02   -.6412919836343622E+00    .7690292700450784E-02
   -.2499286610330982E+02   -.8446239808445177E+00    .1011389177549150E-01
   -.2498842990272495E+02   -.1075643866484201E+01    .1285274901292300E-01
   -.2498219874130119E+02   -.1334213577311191E+01    .1589461370902467E-01
   -.2497375021375503E+02   -.1620178577965171E+01    .1922292229734266E-01
   -.2496262088345774E+02   -.1933367956242722E+01    .2281595728185605E-01
   -.2494830767928427E+02   -.2273594526641300E+01    .2664602066926868E-01
   -.2493026941472259E+02   -.2640654942952703E+01    .3067867916546875E-01
   -.2490792842542305E+02   -.3034329820190094E+01    .3487215753350223E-01
   -.2488067232106772E+02   -.3454383865934425E+01    .3917698178847567E-01
   -.2484785584715052E+02   -.3900566021098488E+01    .4353599380732152E-01
   -.2480880285197980E+02   -.4372609610063557E+01    .4788486923198026E-01
   -.2476280835394775E+02   -.4870232500120025E+01    .5215326266780962E-01
   -.2470914070385553E+02   -.5393137270128294E+01    .5626666882806203E-01
   -.2464704383684018E+02   -.5941011388305996E+01    .6014902070692199E-01
   -.2457573960821964E+02   -.6513527399039364E+01    .6372594482862498E-01
   -.2449443020735643E+02   -.7110343118609489E+01    .6692847176764762E-01
   -.2440230064343906E+02   -.7731101839718169E+01    .6969688065001449E-01
   -.2429852129689314E+02   -.8375432544692030E+01    .7198426693396427E-01
   -.2418225052996282E+02   -.9042950127238246E+01    .7375939295373632E-01
   -.2405263734984743E+02   -.9733255622619668E+01    .7500842993952886E-01
   -.2390882411763785E+02   -.1044593644611218E+02    .7573532986112841E-01
   -.2374994929617420E+02   -.1118056663960193E+02    .7596075533708525E-01
   -.2357515022983917E+02   -.1193670712617524E+02    .7571970796669214E-01
   -.2338356594921182E+02   -.1271390597254903E+02    .7505818379078132E-01
   -.2317433999343375E+02   -.1351169865918513E+02    .7402930825759216E-01
   -.2294662324308429E+02   -.1432960835792700E+02    .7268943792709340E-01
   -.2269957675632356E+02   -.1516714621699295E+02    .7109466121842394E-01
   -.2243237460104192E+02   -.1602381165315567E+02    .6929800699149362E-01
   -.2214420667575174E+02   -.1689909265093326E+02    .6734751316704982E-01
   -.2183428151197250E+02   -.1779246606861313E+02    .6528515607822340E-01
   -.2150182905089300E+02   -.1870339795092592E+02    .6314652457713228E-01
   -.2114610338714436E+02   -.1963134384818228E+02    .6096105596134594E-01
   -.2076638547258569E+02   -.2057574914168208E+02    .5875263300203026E-01
   -.2036198577308882E+02   -.2153604937520152E+02    .5654036114595357E-01
   -.1993224687141085E+02   -.2251167059235977E+02    .5433938606654722E-01
   -.1947654600936200E+02   -.2350202967966384E+02    .5216165894876289E-01
   -.1899429756261203E+02   -.2450653471502646E+02    .5001659944289337E-01
   -.1848495544162984E+02   -.2552458532154862E+02    .4791163863417843E-01
   -.1794801541241894E+02   -.2655557302635561E+02    .4585264551635785E-01
   -.1738301733089443E+02   -.2759888162427161E+02    .4384425187370675E-01
   -.1678954728494539E+02   -.2865388754611600E+02    .4189009481020749E-01
   -.1616723963843950E+02   -.2971996023140089E+02    .3999299607024777E-01
   -.1551577897165363E+02   -.3079646250520726E+02    .3815509489544559E-01
   -.1483490191285464E+02   -.3188275095901443E+02    .3637794790638139E-01
   -.1412439885600809E+02   -.3297817633525528E+02    .3466260624188055E-01
   -.1338411555985859E+02   -.3408208391536733E+02    .3300967735303446E-01
   -.1261395462390316E+02   -.3519381391110779E+02    .3141937657884617E-01
   -.1181387683706743E+02   -.3631270185889858E+02    .2989157191682091E-01
   -.1098390239519414E+02   -.3743807901696594E+02    .2842582416671892E-01
   -.1012411198376192E+02   -.3856927276503679E+02    .2702142377001761E-01
   -.9234647722570221E+01   -.3970560700635338E+02    .2567742509714641E-01
   -.8315713969452531E+01   -.4084640257176569E+02    .2439267857001836E-01
   -.7367577980412953E+01   -.4199097762566031E+02    .2316586078686745E-01
   -.6390570423922075E+01   -.4313864807348270E+02    .2199550269365682E-01
   -.5385085747453118E+01   -.4428872797060995E+02    .2088001578791871E-01
   -.4351582394691064E+01   -.4544052993232906E+02    .1981771632310728E-01
   -.3290582872201981E+01   -.4659336554467601E+02    .1880684748796537E-01
   -.2202673664708403E+01   -.4774654577589001E+02    .1784559955484059E-01
   -.1088504998477443E+01   -.4889938138823696E+02    .1693212801590504E-01
    .5120954730920246E-01   -.5005118334995608E+02    .1606456975209175E-01
    .1215693580971262E+01   -.5120126324708333E+02    .1524105730335860E-01
    .2404108589936353E+01   -.5234893369490572E+02    .1445973132910332E-01
    .3615554782579771E+01   -.5349350874880032E+02    .1371875136339953E-01
    .4849072078979965E+01   -.5463430431421266E+02    .1301630498118352E-01
    .6103641248914851E+01   -.5577063855552925E+02    .1235061549876568E-01
    .7378185195070273E+01   -.5690183230360010E+02    .1171994833558227E-01
    .8671570379082283E+01   -.5802720946166745E+02    .1112261616450194E-01
    .9982608387691229E+01   -.5914609740945824E+02    .1055698297590936E-01
    .1131005763594715E+02   -.6025782740519870E+02    .1002146717683389E-01
    .1265262520407510E+02   -.6136173498531075E+02    .9514543841259196E-02
    .1400896880428573E+02   -.6245716036155160E+02    .9034746222064080E-02
    .1537769887350120E+02   -.6354344881535877E+02    .8580666629438101E-02
    .1675738078766095E+02   -.6461995108916514E+02    .8150956775669108E-02
    .1814653719297615E+02   -.6568602377445004E+02    .7744327682286030E-02
    .1954365044921654E+02   -.6674102969629442E+02    .7359549242774622E-02
    .2094716517983961E+02   -.6778433829421041E+02    .6995449531781634E-02
    .2235549092351041E+02   -.6881532599901740E+02    .6650913947848884E-02
    .2376700488131122E+02   -.6983337660553958E+02    .6324884266145343E-02
    .2518005475370466E+02   -.7083788164090218E+02    .6016357649124340E-02
    .2659296166109149E+02   -.7182824072820625E+02    .5724385592959636E-02
    .2800402314159696E+02   -.7280386194536452E+02    .5448072631450414E-02
    .2941151621952694E+02   -.7376416217888395E+02    .5186574303484552E-02
    .3081370053775717E+02   -.7470856747238376E+02    .4939093318334354E-02
    .3220882154715746E+02   -.7563651336964011E+02    .4704871944822356E-02
    .3359511374600726E+02   -.7654744525195289E+02    .4483177438270503E-02
    .3497080396222945E+02   -.7744081866963279E+02    .4273276095750157E-02
    .3633411467115754E+02   -.7831609966741037E+02    .4074390980377805E-02
    .3768326734145559E+02   -.7917276510357308E+02    .3885639535246217E-02
    .3901648580173286E+02   -.8001030296263905E+02    .3705951315764042E-02
    .4033199962033416E+02   -.8082821266138090E+02    .3533973377296940E-02
    .4162804749074502E+02   -.8162600534801700E+02    .3367980518286745E-02
    .4290288061502464E+02   -.8240320419439080E+02    .3205816812389884E-02
    .4415476607767393E+02   -.8315934468096410E+02    .3044899499186001E-02
    .4538199020235493E+02   -.8389397487445385E+02    .2882312292483970E-02
    .4658286188390841E+02   -.8460665569794637E+02    .2715000640891334E-02
    .4775571588816068E+02   -.8529696119332780E+02    .2540058360769358E-02
    .4889891611207690E+02   -.8596447877587400E+02    .2355069199835553E-02
    .5001085879689803E+02   -.8660880948084787E+02    .2158446317154365E-02
    .5108997568699790E+02   -.8722956820195655E+02    .1949704640165759E-02
    .5213473712731397E+02   -.8782638392152666E+02    .1729609171645593E-02
    .5314365509233724E+02   -.8839889993226004E+02    .1500165018529566E-02
    .5411528613979621E+02   -.8894677405043772E+02    .1264446086865641E-02
    .5504823428233763E+02   -.8946967882044601E+02    .1026290631655728E-02
    .5594115377068582E+02   -.8996730171050247E+02    .7899153804196358E-03
    .5679275178196323E+02   -.9043934529946755E+02    .5595109198725332E-03
    .5760179100706597E+02   -.9088552745463161E+02    .3388785023002830E-03
    .5836709213121793E+02   -.9130558150037594E+02    .1311548237563691E-03
    .5908753620207258E+02   -.9169925637761332E+02   -.6134903165646277E-04
    .5976206687999310E+02   -.9206631679392474E+02   -.2371907277119071E-03
    .6038969256542566E+02   -.9240654336432331E+02   -.3957383615239364E-03
    .6096948839859330E+02   -.9271973274260085E+02   -.5370410834568287E-03
    .6150059812709677E+02   -.9300569774325483E+02   -.6616630118078663E-03
    .6198223583746507E+02   -.9326426745408183E+02   -.7705080693671948E-03
    .6241368754737091E+02   -.9349528733972151E+02   -.8646515080619740E-03
    .6279431265647226E+02   -.9369861933693167E+02   -.9451872689692562E-03
    .6312354525678894E+02   -.9387414194376902E+02   -.1013103558871402E-02
    .6340089531231028E+02   -.9402175030933549E+02   -.1069202885781398E-02
    .6362594975028533E+02   -.9414135634793314E+02   -.1114075064773780E-02
    .6379837366537321E+02   -.9423288898541379E+02   -.1148114908409433E-02
    .6391791296151064E+02   -.9429629524085803E+02   -.1171564454980696E-02
    .6398441572609246E+02   -.9433155131030787E+02   -.1184562585269983E-02
    .6400875483603761E+02   -.9432329128253851E+02   -.1189619594196961E-02
    .6404610572412885E+02   -.9425277906889600E+02   -.1198521384070543E-02
    .6411320911467945E+02   -.9412596642358639E+02   -.1213251242649968E-02
    .6420991955123230E+02   -.9394290095457609E+02   -.1230824959609278E-02
    .6433600769182833E+02   -.9370368862381623E+02   -.1258568532983544E-02
    .6449117257621997E+02   -.9340847157975386E+02   -.1317258021842458E-02
    .6467504344768679E+02   -.9305742599397158E+02   -.1378522263947249E-02
    .6488718084488542E+02   -.9265076156848784E+02   -.1423789659485750E-02
    .6512707770701658E+02   -.9218872130744677E+02   -.1513447237375387E-02
    .6539416060409860E+02   -.9167158133762553E+02   -.1572482904524870E-02
    .6568779111477198E+02   -.9109965073007234E+02   -.1672627591018537E-02
    .6600726735547022E+02   -.9047327130955638E+02   -.1754704146973601E-02
    .6635182565967304E+02   -.8979281744747956E+02   -.1841848013987775E-02
    .6672064240412369E+02   -.8905869583668941E+02   -.1944423580929252E-02
    .6711283597801867E+02   -.8827134524762467E+02   -.2048453608905474E-02
    .6752746889063184E+02   -.8743123626562226E+02   -.2150547715373018E-02
    .6796355001241670E+02   -.8653887100938887E+02   -.2253612124442690E-02
    .6842003694427143E+02   -.8559478283072727E+02   -.2365137814827047E-02
    .6889583850932557E+02   -.8459953599565479E+02   -.2460047784781394E-02
    .6938981736130482E+02   -.8355372534708118E+02   -.2557941653694443E-02
    .6990079270324603E+02   -.8245797594923374E+02   -.2648101321912801E-02
    .7042754311006794E+02   -.8131294271403419E+02   -.2726521655630915E-02
    .7096880944825355E+02   -.8011931000964580E+02   -.2788604611482014E-02
    .7152329788566634E+02   -.7887779125142120E+02   -.2820614306419598E-02
    .7208968298430710E+02   -.7758912847549367E+02   -.2812270481141020E-02
    .7266661086861919E+02   -.7625409189526529E+02   -.2802042443018665E-02
    .7325270246176891E+02   -.7487347944105618E+02   -.2789835523803711E-02
    .7384655678216603E+02   -.7344811628318922E+02   -.2775491717535427E-02
    .7444675429234411E+02   -.7197885433879517E+02   -.2758852417621066E-02
    .7505186029219605E+02   -.7046657176263223E+02   -.2739759242487028E-02
    .7566042834845386E+02   -.6891217242222466E+02   -.2718054926022808E-02
    .7627100375221470E+02   -.6731658535763354E+02   -.2693584273266073E-02
    .7688212699624879E+02   -.6568076422618289E+02   -.2666195180629050E-02
    .7749233726377697E+02   -.6400568673247237E+02   -.2635739718701656E-02
    .7810017592037842E+02   -.6229235404401792E+02   -.2602075274381728E-02
    .7870419000068161E+02   -.6054179019286879E+02   -.2565065747688480E-02
    .7930293568150404E+02   -.5875504146355916E+02   -.2524582797092837E-02
    .7989498173313865E+02   -.5693317576775981E+02   -.2480507125555069E-02
    .8047891294053692E+02   -.5507728200600365E+02   -.2432729797710492E-02
    .8105333348621076E+02   -.5318846941686670E+02   -.2381153576823131E-02
    .8161687028676705E+02   -.5126786691399323E+02   -.2325694268278247E-02
    .8216817627509880E+02   -.4931662241136170E+02   -.2266282054549564E-02
    .8270593362038754E+02   -.4733590213719426E+02   -.2202862804821167E-02
    .8322885687821994E+02   -.4532688993692036E+02   -.2135399340826264E-02
    .8373569606328857E+02   -.4329078656561077E+02   -.2063872639053734E-02
    .8422523963733174E+02   -.4122880897030492E+02   -.1988282948338217E-02
    .8469631740517057E+02   -.3914218956266077E+02   -.1908650801068278E-02
    .8514780331192016E+02   -.3703217548236154E+02   -.1825017895876574E-02
    .8557861813468870E+02   -.3490002785171979E+02   -.1737447829793393E-02
    .8598773206233044E+02   -.3274702102192438E+02   -.1646026658492871E-02
    .8637416715708565E+02   -.3057444181138068E+02   -.1550863264492062E-02
    .8673699969222355E+02   -.2838358873659936E+02   -.1452089514999343E-02
    .8707536236010029E+02   -.2617577123609339E+02   -.1349860193567556E-02
    .8738844634535378E+02   -.2395230888774710E+02   -.1244352692788331E-02
    .8767550325827987E+02   -.2171453062012529E+02   -.1135766458957763E-02
    .8793584692376814E+02   -.1946377391819324E+02   -.1024322183950084E-02
    .8816885502152113E+02   -.1720138402392306E+02   -.9102607445167303E-03
    .8837397057363646E+02   -.1492871313226357E+02   -.7938418951232133E-03
    .8855070327599562E+02   -.1264711958295459E+02   -.6753427280641851E-03
    .8869863067027723E+02   -.1035796704866853E+02   -.5550559266548383E-03
    .8881739915379286E+02   -.8062623719964686E+01   -.4332878635070726E-03
    .8890672482473197E+02   -.5762461487543082E+01   -.3103566775175044E-03
    .8896639416079501E+02   -.3458855122286984E+01   -.1865908204369020E-03
    .8899626452959299E+02   -.1153181453583893E+01   -.6232970746940204E-04
    .8899626452959299E+02    .1153181453583893E+01    .6232970746940204E-04
    .8896639416079501E+02    .3458855122286984E+01    .1865908204369020E-03
    .8890672482473197E+02    .5762461487543082E+01    .3103566775175044E-03
    .8881739915379286E+02    .8062623719964686E+01    .4332878635070726E-03
    .8869863067027723E+02    .1035796704866853E+02    .5550559266548383E-03
    .8855070327599562E+02    .1264711958295458E+02    .6753427280641851E-03
    .8837397057363646E+02    .1492871313226357E+02    .7938418951232133E-03
    .8816885502152113E+02    .1720138402392306E+02    .9102607445167303E-03
    .8793584692376814E+02    .1946377391819325E+02    .1024322183950084E-02
    .8767550325827987E+02    .2171453062012529E+02    .1135766458957763E-02
    .8738844634535378E+02    .2395230888774710E+02    .1244352692788331E-02
    .8707536236010029E+02    .2617577123609339E+02    .1349860193567556E-02
    .8673699969222355E+02    .2838358873659936E+02    .1452089514999343E-02
    .8637416715708565E+02    .3057444181138068E+02    .1550863264492062E-02
    .8598773206233044E+02    .3274702102192438E+02    .1646026658492871E-02
    .8557861813468870E+02    .3490002785171979E+02    .1737447829793393E-02
    .8514780331192016E+02    .3703217548236154E+02    .1825017895876574E-02
    .8469631740517057E+02    .3914218956266077E+02    .1908650801068278E-02
    .8422523963733174E+02    .4122880897030492E+02    .1988282948338217E-02
    .8373569606328856E+02    .4329078656561077E+02    .2063872639053734E-02
    .8322885687821994E+02    .4532688993692036E+02    .2135399340826264E-02
    .8270593362038754E+02    .4733590213719425E+02    .2202862804821167E-02
    .8216817627509880E+02    .4931662241136170E+02    .2266282054549564E-02
    .8161687028676705E+02    .5126786691399324E+02    .2325694268278247E-02
    .8105333348621076E+02    .5318846941686670E+02    .2381153576823131E-02
    .8047891294053690E+02    .5507728200600366E+02    .2432729797710492E-02
    .7989498173313866E+02    .5693317576775979E+02    .2480507125555069E-02
    .7930293568150404E+02    .5875504146355917E+02    .2524582797092837E-02
    .7870419000068161E+02    .6054179019286880E+02    .2565065747688480E-02
    .7810017592037842E+02    .6229235404401794E+02    .2602075274381728E-02
    .7749233726377699E+02    .6400568673247236E+02    .2635739718701656E-02
    .7688212699624879E+02    .6568076422618289E+02    .2666195180629050E-02
    .7627100375221470E+02    .6731658535763354E+02    .2693584273266073E-02
    .7566042834845385E+02    .6891217242222467E+02    .2718054926022808E-02
    .7505186029219605E+02    .7046657176263224E+02    .2739759242487028E-02
    .7444675429234411E+02    .7197885433879516E+02    .2758852417621066E-02
    .7384655678216603E+02    .7344811628318922E+02    .2775491717535427E-02
    .7325270246176891E+02    .7487347944105618E+02    .2789835523803711E-02
    .7266661086861919E+02    .7625409189526529E+02    .2802042443018665E-02
    .7208968298430710E+02    .7758912847549367E+02    .2812270481141020E-02
    .7152329788566632E+02    .7887779125142121E+02    .2820614306419598E-02
    .7096880944825354E+02    .8011931000964582E+02    .2788604611482014E-02
    .7042754311006793E+02    .8131294271403421E+02    .2726521655630915E-02
    .6990079270324603E+02    .8245797594923376E+02    .2648101321912801E-02
    .6938981736130484E+02    .8355372534708117E+02    .2557941653694443E-02
    .6889583850932557E+02    .8459953599565479E+02    .2460047784781394E-02
    .6842003694427144E+02    .8559478283072725E+02    .2365137814827047E-02
    .6796355001241670E+02    .8653887100938887E+02    .2253612124442690E-02
    .6752746889063182E+02    .8743123626562227E+02    .2150547715373018E-02
    .6711283597801867E+02    .8827134524762467E+02    .2048453608905474E-02
    .6672064240412369E+02    .8905869583668941E+02    .1944423580929252E-02
    .6635182565967304E+02    .8979281744747956E+02    .1841848013987775E-02
    .6600726735547022E+02    .9047327130955638E+02    .1754704146973601E-02
    .6568779111477198E+02    .9109965073007234E+02    .1672627591018537E-02
    .6539416060409860E+02    .9167158133762553E+02    .1572482904524870E-02
    .6512707770701658E+02    .9218872130744677E+02    .1513447237375387E-02
    .6488718084488542E+02    .9265076156848785E+02    .1423789659485750E-02
    .6467504344768679E+02    .9305742599397156E+02    .1378522263947249E-02
    .6449117257621995E+02    .9340847157975388E+02    .1317258021842458E-02
    .6433600769182831E+02    .9370368862381626E+02    .1258568532983544E-02
    .6420991955123229E+02    .9394290095457612E+02    .1230824959609278E-02
    .6411320911467942E+02    .9412596642358642E+02    .1213251242649968E-02
    .6404610572412886E+02    .9425277906889599E+02    .1198521384070543E-02
    .6400875483603761E+02    .9432329128253851E+02    .1189619594196961E-02
   -.2499999930110229E+02    .8360010258165617E-02   -.1006088930033175E-03
   -.2499998097637591E+02    .4361607970801024E-01   -.5242154608898108E-03
   -.2499988546219778E+02    .1070223351522506E+00   -.1285993498867732E-02
   -.2499960575922843E+02    .1985549726328958E+00   -.2385404256664226E-02
   -.2499898773570933E+02    .3181610112305419E+00   -.3821102689407746E-02
   -.2499783058887638E+02    .4657693767970050E+00   -.5590699341626132E-02
   -.2499588744591726E+02    .6412919836343622E+00   -.7690292700450784E-02
   -.2499286610330982E+02    .8446239808445177E+00   -.1011389177549150E-01
   -.2498842990272495E+02    .1075643866484201E+01   -.1285274901292300E-01
   -.2498219874130119E+02    .1334213577311191E+01   -.1589461370902467E-01
   -.2497375021375503E+02    .1620178577965171E+01   -.1922292229734266E-01
   -.2496262088345774E+02    .1933367956242722E+01   -.2281595728185605E-01
   -.2494830767928427E+02    .2273594526641300E+01   -.2664602066926868E-01
   -.2493026941472259E+02    .2640654942952703E+01   -.3067867916546875E-01
   -.2490792842542305E+02    .3034329820190094E+01   -.3487215753350223E-01
   -.2488067232106772E+02    .3454383865934425E+01   -.3917698178847567E-01
   -.2484785584715052E+02    .3900566021098488E+01   -.4353599380732152E-01
   -.2480880285197980E+02    .4372609610063557E+01   -.4788486923198026E-01
   -.2476280835394775E+02    .4870232500120025E+01   -.5215326266780962E-01
   -.2470914070385553E+02    .5393137270128294E+01   -.5626666882806203E-01
   -.2464704383684018E+02    .5941011388305996E+01   -.6014902070692199E-01
   -.2457573960821964E+02    .6513527399039364E+01   -.6372594482862498E-01
   -.2449443020735643E+02    .7110343118609489E+01   -.6692847176764762E-01
   -.2440230064343906E+02    .7731101839718169E+01   -.6969688065001449E-01
   -.2429852129689314E+02    .8375432544692030E+01   -.7198426693396427E-01
   -.2418225052996282E+02    .9042950127238246E+01   -.7375939295373632E-01
   -.2405263734984743E+02    .9733255622619668E+01   -.7500842993952886E-01
   -.2390882411763785E+02    .1044593644611218E+02   -.7573532986112841E-01
   -.2374994929617420E+02    .1118056663960193E+02   -.7596075533708525E-01
   -.2357515022983917E+02    .1193670712617524E+02   -.7571970796669214E-01
   -.2338356594921182E+02    .1271390597254903E+02   -.7505818379078132E-01
   -.2317433999343375E+02    .1351169865918513E+02   -.7402930825759216E-01
   -.2294662324308429E+02    .1432960835792700E+02   -.7268943792709340E-01
   -.2269957675632356E+02    .1516714621699295E+02   -.7109466121842394E-01
   -.2243237460104192E+02    .1602381165315567E+02   -.6929800699149362E-01
   -.2214420667575174E+02    .1689909265093326E+02   -.6734751316704982E-01
   -.2183428151197250E+02    .1779246606861313E+02   -.6528515607822340E-01
   -.2150182905089300E+02    .1870339795092592E+02   -.6314652457713228E-01
   -.2114610338714436E+02    .1963134384818228E+02   -.6096105596134594E-01
   -.2076638547258569E+02    .2057574914168208E+02   -.5875263300203026E-01
   -.2036198577308882E+02    .2153604937520152E+02   -.5654036114595357E-01
   -.1993224687141085E+02    .2251167059235977E+02   -.5433938606654722E-01
   -.1947654600936200E+02    .2350202967966384E+02   -.5216165894876289E-01
   -.1899429756261203E+02    .2450653471502646E+02   -.5001659944289337E-01
   -.1848495544162984E+02    .2552458532154862E+02   -.4791163863417843E-01
   -.1794801541241894E+02    .2655557302635561E+02   -.4585264551635785E-01
   -.1738301733089443E+02    .2759888162427161E+02   -.4384425187370675E-01
   -.1678954728494539E+02    .2865388754611600E+02   -.4189009481020749E-01
   -.1616723963843950E+02    .2971996023140089E+02   -.3999299607024777E-01
   -.1551577897165363E+02    .3079646250520726E+02   -.3815509489544559E-01
   -.1483490191285464E+02    .3188275095901443E+02   -.3637794790638139E-01
   -.1412439885600809E+02    .3297817633525528E+02   -.3466260624188055E-01
   -.1338411555985859E+02    .3408208391536733E+02   -.3300967735303446E-01
   -.1261395462390316E+02    .3519381391110779E+02   -.3141937657884617E-01
   -.1181387683706743E+02    .3631270185889858E+02   -.2989157191682091E-01
   -.1098390239519414E+02    .3743807901696594E+02   -.2842582416671892E-01
   -.1012411198376192E+02    .3856927276503679E+02   -.2702142377001761E-01
   -.9234647722570221E+01    .3970560700635338E+02   -.2567742509714641E-01
   -.8315713969452531E+01    .4084640257176569E+02   -.2439267857001836E-01
   -.7367577980412953E+01    .4199097762566031E+02   -.2316586078686745E-01
   -.6390570423922075E+01    .4313864807348270E+02   -.2199550269365682E-01
   -.5385085747453118E+01    .4428872797060995E+02   -.2088001578791871E-01
   -.4351582394691064E+01    .4544052993232906E+02   -.1981771632310728E-01
   -.3290582872201981E+01    .4659336554467601E+02   -.1880684748796537E-01
   -.2202673664708403E+01    .4774654577589001E+02   -.1784559955484059E-01
   -.1088504998477443E+01    .4889938138823696E+02   -.1693212801590504E-01
    .5120954730920246E-01    .5005118334995608E+02   -.1606456975209175E-01
    .1215693580971262E+01    .5120126324708333E+02   -.1524105730335860E-01
    .2404108589936353E+01    .5234893369490572E+02   -.1445973132910332E-01
    .3615554782579771E+01    .5349350874880032E+02   -.1371875136339953E-01
    .4849072078979965E+01    .5463430431421266E+02   -.1301630498118352E-01
    .6103641248914851E+01    .5577063855552925E+02   -.1235061549876568E-01
    .7378185195070273E+01    .5690183230360010E+02   -.1171994833558227E-01
    .8671570379082283E+01    .5802720946166745E+02   -.1112261616450194E-01
    .9982608387691229E+01    .5914609740945824E+02   -.1055698297590936E-01
    .1131005763594715E+02    .6025782740519870E+02   -.1002146717683389E-01
    .1265262520407510E+02    .6136173498531075E+02   -.9514543841259196E-02
    .1400896880428573E+02    .6245716036155160E+02   -.9034746222064080E-02
    .1537769887350120E+02    .6354344881535877E+02   -.8580666629438101E-02
    .1675738078766095E+02    .6461995108916514E+02   -.8150956775669108E-02
    .1814653719297615E+02    .6568602377445004E+02   -.7744327682286030E-02
    .1954365044921654E+02    .6674102969629442E+02   -.7359549242774622E-02
    .2094716517983961E+02    .6778433829421041E+02   -.6995449531781634E-02
    .2235549092351041E+02    .6881532599901740E+02   -.6650913947848884E-02
    .2376700488131122E+02    .6983337660553958E+02   -.6324884266145343E-02
    .2518005475370466E+02    .7083788164090218E+02   -.6016357649124340E-02
    .2659296166109149E+02    .7182824072820625E+02   -.5724385592959636E-02
    .2800402314159696E+02    .7280386194536452E+02   -.5448072631450414E-02
    .2941151621952694E+02    .7376416217888395E+02   -.5186574303484552E-02
    .3081370053775717E+02    .7470856747238376E+02   -.4939093318334354E-02
    .3220882154715746E+02    .7563651336964011E+02   -.4704871944822356E-02
    .3359511374600726E+02    .7654744525195289E+02   -.4483177438270503E-02
    .3497080396222945E+02    .7744081866963279E+02   -.4273276095750157E-02
    .3633411467115754E+02    .7831609966741037E+02   -.4074390980377805E-02
    .3768326734145559E+02    .7917276510357308E+02   -.3885639535246217E-02
    .3901648580173286E+02    .8001030296263905E+02   -.3705951315764042E-02
    .4033199962033416E+02    .8082821266138090E+02   -.3533973377296940E-02
    .4162804749074502E+02    .8162600534801700E+02   -.3367980518286745E-02
    .4290288061502464E+02    .8240320419439080E+02   -.3205816812389884E-02
    .4415476607767393E+02    .8315934468096410E+02   -.3044899499186001E-02
    .4538199020235493E+02    .8389397487445385E+02   -.2882312292483970E-02
    .4658286188390841E+02    .8460665569794637E+02   -.2715000640891334E-02
    .4775571588816068E+02    .8529696119332780E+02   -.2540058360769358E-02
    .4889891611207690E+02    .8596447877587400E+02   -.2355069199835553E-02
    .5001085879689803E+02    .8660880948084787E+02   -.2158446317154365E-02
    .5108997568699790E+02    .8722956820195655E+02   -.1949704640165759E-02
    .5213473712731397E+02    .8782638392152666E+02   -.1729609171645593E-02
    .5314365509233724E+02    .8839889993226004E+02   -.1500165018529566E-02
    .5411528613979621E+02    .8894677405043772E+02   -.1264446086865641E-02
    .5504823428233763E+02    .8946967882044601E+02   -.1026290631655728E-02
    .5594115377068582E+02    .8996730171050247E+02   -.7899153804196358E-03
    .5679275178196323E+02    .9043934529946755E+02   -.5595109198725332E-03
    .5760179100706597E+02    .9088552745463161E+02   -.3388785023002830E-03
    .5836709213121793E+02    .9130558150037594E+02   -.1311548237563691E-03
    .5908753620207258E+02    .9169925637761332E+02    .6134903165646277E-04
    .5976206687999310E+02    .9206631679392474E+02    .2371907277119071E-03
    .6038969256542566E+02    .9240654336432331E+02    .3957383615239364E-03
    .6096948839859330E+02    .9271973274260085E+02    .5370410834568287E-03
    .6150059812709677E+02    .9300569774325483E+02    .6616630118078663E-03
    .6198223583746507E+02    .9326426745408183E+02    .7705080693671948E-03
    .6241368754737091E+02    .9349528733972151E+02    .8646515080619740E-03
    .6279431265647226E+02    .9369861933693167E+02    .9451872689692562E-03
    .6312354525678894E+02    .9387414194376902E+02    .1013103558871402E-02
    .6340089531231028E+02    .9402175030933549E+02    .1069202885781398E-02
    .6362594975028533E+02    .9414135634793314E+02    .1114075064773780E-02
    .6379837366537321E+02    .9423288898541379E+02    .1148114908409433E-02
    .6391791296151064E+02    .9429629524085803E+02    .1171564454980696E-02
    .6398441572609246E+02    .9433155131030787E+02    .1184562585269983E-02
