   -.3422499385741865E+01   -.2899861009460990E-02    .2633323173217218E-03
   -.3422483309902983E+01   -.1511580061275123E-01    .1367013518573616E-02
   -.3422399615773306E+01   -.3707101379039907E-01    .3350449865570357E-02
   -.3422154920391483E+01   -.6873237840063670E-01    .6209920577298673E-02
   -.3421615408905544E+01   -.1100456818013001E+00    .9938493258327635E-02
   -.3420607995795902E+01   -.1609395462716005E+00    .1452531726382150E-01
   -.3418921829090881E+01   -.2213259129560790E+00    .1995427625874132E-01
   -.3416310126935747E+01   -.2911002615073201E+00    .2620225135988632E-01
   -.3412492333185174E+01   -.3701418088989323E+00    .3323694214657230E-01
   -.3407156576330343E+01   -.4583137244700458E+00    .4101412946443044E-01
   -.3399962413847098E+01   -.5554633691191829E+00    .4947422516082172E-01
   -.3390543841956060E+01   -.6614225605628714E+00    .5853794910535148E-01
   -.3378512548831093E+01   -.7760078649745398E+00    .6810103413363221E-01
   -.3363461387492160E+01   -.8990209147913801E+00    .7802802486164186E-01
   -.3344968042984996E+01   -.1030248752261028E+01    .8814554934661609E-01
   -.3322598866994539E+01   -.1169464198188539E+01    .9823594004765560E-01
   -.3295912851772043E+01   -.1316426245271923E+01    .1080327811792770E+00
   -.3264465714186107E+01   -.1470880475358960E+01    .1172208488193941E+00
   -.3227814059843155E+01   -.1632559499910252E+01    .1254439209509397E+00
   -.3185519596569322E+01   -.1801183422910057E+01    .1323249193380446E+00
   -.3137153366107909E+01   -.1976460325425918E+01    .1375035333372810E+00
   -.3082299962667848E+01   -.2158086770979604E+01    .1406964696062288E+00
   -.3020561706960499E+01   -.2345748330855375E+01    .1417847044684837E+00
   -.2951562744584925E+01   -.2539120128436696E+01    .1409334091679229E+00
   -.2874953038063913E+01   -.2737867401629423E+01    .1387626615986118E+00
   -.2790412222491776E+01   -.2941646082398016E+01    .1365535350129476E+00
   -.2697653295625743E+01   -.3150103392411681E+01    .1360025382363225E+00
   -.2596426114329721E+01   -.3362878453769349E+01    .1379840190259980E+00
   -.2486520670555072E+01   -.3579602913746309E+01    .1421530408556079E+00
   -.2367770121509026E+01   -.3799901582480978E+01    .1475161122999079E+00
   -.2240053550307374E+01   -.4023393082497913E+01    .1529487989927842E+00
   -.2103298435223001E+01   -.4249690508942636E+01    .1574721170534438E+00
   -.1957482807612954E+01   -.4478402099385300E+01    .1603808302096539E+00
   -.1802637080720677E+01   -.4709131912033675E+01    .1612806132776455E+00
   -.1638845533792185E+01   -.4941480511181339E+01    .1600676859991108E+00
   -.1466247438299799E+01   -.5175045658704448E+01    .1568741747563002E+00
   -.1285037815518404E+01   -.5409423010409988E+01    .1519972249411085E+00
   -.1095467817230123E+01   -.5644206816030010E+01    .1458260829546380E+00
   -.8978447239262937E+00   -.5878990621650034E+01    .1387775335849712E+00
   -.6925315575128113E+00   -.6113367973355572E+01    .1312460048345857E+00
   -.4799463081879627E+00   -.6346933120878681E+01    .1235707457176513E+00
   -.2605607778325192E+00   -.6579281720026345E+01    .1160192750040384E+00
   -.3489904491141704E-01   -.6810011532674721E+01    .1087841504461361E+00
    .1964644414833709E+00   -.7038723123117386E+01    .1019891008678241E+00
    .4329071282366472E+00   -.7265020549562108E+01    .9570053145404063E-01
    .6737609727312277E+00   -.7488512049579043E+01    .8994104260920460E-01
    .9183153901233263E+00   -.7708810718313711E+01    .8470255029192464E-01
    .1165820515874577E+01   -.7925535178290673E+01    .7995757324494293E-01
    .1415490763825055E+01   -.8138310239648339E+01    .7566807372980705E-01
    .1666508658005161E+01   -.8346767549662005E+01    .7179182106336697E-01
    .1918028914443456E+01   -.8550546230430598E+01    .6828658962535848E-01
    .2169182747446698E+01   -.8749293503623324E+01    .6511265027829014E-01
    .2419082373219107E+01   -.8942665301204645E+01    .6223402842607454E-01
    .2666825682261982E+01   -.9130326861080416E+01    .5961894168050724E-01
    .2911501050762146E+01   -.9311953306634102E+01    .5723973988116986E-01
    .3152192260146652E+01   -.9487230209149965E+01    .5507257850118438E-01
    .3387983493159516E+01   -.9655854132149770E+01    .5309697801903460E-01
    .3617964374209254E+01   -.9817533156701060E+01    .5129536176999475E-01
    .3841235021348496E+01   -.9971987386788099E+01    .4965262259683641E-01
    .4056911077081663E+01   -.1011894943387148E+02    .4815574118505368E-01
    .4264128685255037E+01   -.1025816487979899E+02    .4679346250533018E-01
    .4462049381565716E+01   -.1038939271726864E+02    .4555602784488728E-01
    .4649864865730613E+01   -.1051240576708548E+02    .4443495576830597E-01
    .4826801624081820E+01   -.1062699107149715E+02    .4342286405728770E-01
    .4992125372298161E+01   -.1073295026294084E+02    .4251332493975660E-01
    .5145145289143927E+01   -.1083009990758997E+02    .4170074692102982E-01
    .5285218013472121E+01   -.1091827182316109E+02    .4098027779734579E-01
    .5411751378388399E+01   -.1099731337055270E+02    .4034772469685494E-01
    .5524207858461742E+01   -.1106708771910394E+02    .3979948809092075E-01
    .5622107708538555E+01   -.1112747408578842E+02    .3933250754840738E-01
    .5705031777309812E+01   -.1117836795025872E+02    .3894421757083294E-01
    .5772623990775441E+01   -.1121968125365938E+02    .3863251220128211E-01
    .5824593551036542E+01   -.1125134261826962E+02    .3839571710333272E-01
    .5860717238605821E+01   -.1127329783144727E+02    .3823256628763039E-01
    .5880847047229495E+01   -.1128551377105056E+02    .3814215906543664E-01
    .5906927292494516E+01   -.1130132114552321E+02    .3802556331186116E-01
    .5998200751389695E+01   -.1135646922623951E+02    .3762220953769890E-01
    .6162769129611347E+01   -.1145523174730129E+02    .3691290956958046E-01
    .6401248216188175E+01   -.1159685789684499E+02    .3592408063830919E-01
    .6714395624549563E+01   -.1178024197969140E+02    .3469112591320800E-01
    .7103051619732498E+01   -.1200394941984253E+02    .3325561852731616E-01
    .7568032443040143E+01   -.1226622962222783E+02    .3166235963992959E-01
    .8110003898326092E+01   -.1256502997879767E+02    .2995654235117455E-01
    .8729341776636307E+01   -.1289801201434357E+02    .2818132991935444E-01
    .9425984693625008E+01   -.1326256971539552E+02    .2637605920580599E-01
    .1019928506106145E+02   -.1365584993641667E+02    .2457513759301858E-01
    .1104786404808212E+02   -.1407477473419181E+02    .2280756259259132E-01
    .1196947636334611E+02   -.1451606545914589E+02    .2109689750848463E-01
    .1296089048060901E+02   -.1497626841638255E+02    .1946151632041585E-01
    .1401778953738506E+02   -.1545178189616982E+02    .1791498385766783E-01
    .1513469756929133E+02   -.1593888436257690E+02    .1646651497260117E-01
    .1630493501795653E+02   -.1643376357977153E+02    .1512150303415354E-01
    .1752060658997269E+02   -.1693254644809003E+02    .1388210820542304E-01
    .1877262357465913E+02   -.1743132931640853E+02    .1274787635135732E-01
    .2005076167934454E+02   -.1792620853360316E+02    .1171635046411644E-01
    .2134375434500349E+02   -.1841331100001023E+02    .1078364346360769E-01
    .2263942039653745E+02   -.1888882447979751E+02    .9944949531043865E-02
    .2392482379540548E+02   -.1934902743703417E+02    .9194969489353808E-02
    .2518646223175469E+02   -.1979031816198825E+02    .8528222302504645E-02
    .2641048035111366E+02   -.2020924295976339E+02    .7939230303132212E-02
    .2758290258690753E+02   -.2060252318078453E+02    .7422606021565141E-02
    .2868987989083077E+02   -.2096708088183649E+02    .6973106172171832E-02
    .2971794414057329E+02   -.2130006291738239E+02    .6585715924231592E-02
    .3065426367617839E+02   -.2159886327395222E+02    .6255779955391361E-02
    .3148689328656059E+02   -.2186114347633752E+02    .5979144288740731E-02
    .3220501205285099E+02   -.2208485091648866E+02    .5752256500946023E-02
    .3279914280391607E+02   -.2226823499933506E+02    .5572198198899348E-02
    .3326134782410708E+02   -.2240986114887877E+02    .5436666606867572E-02
    .3358539916106706E+02   -.2250862366994055E+02    .5343930319403676E-02
    .3376696644380863E+02   -.2256377175065685E+02    .5292768438304553E-02
    .3401930739933473E+02   -.2264019309318921E+02    .5222574698466196E-02
    .3491423311461479E+02   -.2290916577134742E+02    .4982173761907412E-02
    .3652312094190700E+02   -.2338494282000080E+02    .4579525327042470E-02
    .3884136660353316E+02   -.2405394632492492E+02    .4060322785450766E-02
    .4185564556662703E+02   -.2489694384471966E+02    .3476567090833159E-02
    .4553848629008671E+02   -.2588968718063791E+02    .2875932180057436E-02
    .4984232014210107E+02   -.2700361804916822E+02    .2297821001416249E-02
    .5469418569014682E+02   -.2820669117599776E+02    .1771102905560424E-02
    .5999201962668663E+02   -.2946429659247510E+02    .1311925125277643E-02
    .6560330751167395E+02   -.3074025544517834E+02    .9251838230817948E-03
    .7136662342745626E+02   -.3199786086165568E+02    .6074480971813169E-03
    .7709627412036183E+02   -.3320093398848523E+02    .3405746515335923E-03
    .8258991418226731E+02   -.3431486485701553E+02    .6159860019229785E-04
    .8763865385724797E+02   -.3530760819293378E+02   -.3224412555518678E-03
    .9203888008744778E+02   -.3615060571272853E+02   -.7910789225480972E-03
    .9560479166841867E+02   -.3681960921765265E+02   -.1193682435133999E-02
    .9818055600825184E+02   -.3729538626630602E+02   -.1443979845976716E-02
    .9965135412042001E+02   -.3756435894446423E+02   -.1565241741084106E-02
    .1000011985370535E+03   -.3762124668596611E+02   -.1592329935678818E-02
    .1000063118736332E+03   -.3759312258906759E+02   -.1592418390787042E-02
    .1000154983277996E+03   -.3754254282507481E+02   -.1592443982335281E-02
    .1000287379865637E+03   -.3746952638262807E+02   -.1592208675115011E-02
    .1000459994530113E+03   -.3737411552510314E+02   -.1591480253100372E-02
    .1000672415256845E+03   -.3725636694901387E+02   -.1590027912036952E-02
    .1000924134479883E+03   -.3711635092114674E+02   -.1587651349880153E-02
    .1001214550576648E+03   -.3695415108204546E+02   -.1584199447300674E-02
    .1001542969380906E+03   -.3676986435494849E+02   -.1579576348228153E-02
    .1001908605867011E+03   -.3656360087419758E+02   -.1573737166157122E-02
    .1002310586036123E+03   -.3633548391409743E+02   -.1566677698849735E-02
    .1002747949009639E+03   -.3608564981291392E+02   -.1558422085010254E-02
    .1003219649328092E+03   -.3581424789027609E+02   -.1549011117010336E-02
    .1003724559451245E+03   -.3552144035735925E+02   -.1538492728558608E-02
    .1004261472453907E+03   -.3520740221962276E+02   -.1526915198442138E-02
    .1004829104911275E+03   -.3487232117203363E+02   -.1514322935660119E-02
    .1005426099966998E+03   -.3451639748677778E+02   -.1500754351920161E-02
    .1006051030576707E+03   -.3413984389349463E+02   -.1486241221997304E-02
    .1006702402919267E+03   -.3374288545208982E+02   -.1470808982853085E-02
    .1007378659967626E+03   -.3332575941819280E+02   -.1454477540917459E-02
    .1008078185210744E+03   -.3288871510133436E+02   -.1437262286120970E-02
    .1008799306517683E+03   -.3243201371592536E+02   -.1419175122491444E-02
    .1009540300134659E+03   -.3195592822512415E+02   -.1400225409261197E-02
    .1010299394805477E+03   -.3146074317768435E+02   -.1380420764490709E-02
    .1011074776005516E+03   -.3094675453787989E+02   -.1359767719747189E-02
    .1011864590279140E+03   -.3041426950860846E+02   -.1338272235243213E-02
    .1012666949670162E+03   -.2986360634777860E+02   -.1315940094886059E-02
    .1013479936234785E+03   -.2929509417809006E+02   -.1292777203765407E-02
    .1014301606626219E+03   -.2870907279032087E+02   -.1268789809844561E-02
    .1015129996740016E+03   -.2810589244023859E+02   -.1243984668701570E-02
    .1015963126409033E+03   -.2748591363925709E+02   -.1218369166658452E-02
    .1016799004136782E+03   -.2684950693896385E+02   -.1191951414064978E-02
    .1017635631857865E+03   -.2619705270964653E+02   -.1164740317428506E-02
    .1018471009714111E+03   -.2552894091295121E+02   -.1136745636519762E-02
    .1019303140834998E+03   -.2484557086880807E+02   -.1107978030657125E-02
    .1020130036110933E+03   -.2414735101676387E+02   -.1078449096910766E-02
    .1020949718947979E+03   -.2343469867186379E+02   -.1048171401966308E-02
    .1021760229992667E+03   -.2270803977522863E+02   -.1017158508683210E-02
    .1022559631815595E+03   -.2196780863947627E+02   -.9854249979266334E-03
    .1023346013542622E+03   -.2121444768913977E+02   -.9529864859585439E-03
    .1024117495422584E+03   -.2044840719623701E+02   -.9198596374995429E-03
    .1024872233320610E+03   -.1967014501115012E+02   -.8860621744636240E-03
    .1025608423126310E+03   -.1888012628897537E+02   -.8516128803242866E-03
    .1026324305066283E+03   -.1807882321150725E+02   -.8165316000412654E-03
    .1027018167910642E+03   -.1726671470502274E+02   -.7808392354789566E-03
    .1027688353063507E+03   -.1644428615403453E+02   -.7445577362568550E-03
    .1028333258527678E+03   -.1561202911118432E+02   -.7077100859886148E-03
    .1028951342734019E+03   -.1477044100344942E+02   -.6703202838887364E-03
    .1029541128226389E+03   -.1392002483483846E+02   -.6324133217490427E-03
    .1030101205193330E+03   -.1306128888575377E+02   -.5940151563105035E-03
    .1030630234838050E+03   -.1219474640920008E+02   -.5551526770812728E-03
    .1031126952578654E+03   -.1132091532402129E+02   -.5158536696708234E-03
    .1031590171070977E+03   -.1044031790534846E+02   -.4761467747270637E-03
    .1032018783046789E+03   -.9553480472444145E+01   -.4360614425690226E-03
    .1032411763960585E+03   -.8660933074129604E+01   -.3956278835924208E-03
    .1032768174438638E+03   -.7763209171982938E+01   -.3548770144745585E-03
    .1033087162524462E+03   -.6860845321497457E+01   -.3138404000633057E-03
    .1033367965715308E+03   -.5954380851390856E+01   -.2725501905025412E-03
    .1033609912784838E+03   -.5044357541256932E+01   -.2310390523112513E-03
    .1033812425387609E+03   -.4131319297752348E+01   -.1893400899009656E-03
    .1033975019441542E+03   -.3215811829512207E+01   -.1474867472224088E-03
    .1034097306285058E+03   -.2298382320988523E+01   -.1055126546060126E-03
    .1034178993606128E+03   -.1379579105406660E+01   -.6345127203158781E-04
    .1034219886141013E+03   -.4599513370351617E+00   -.2133477344380921E-04
    .1034219886141013E+03    .4599513370351572E+00    .2133477344380921E-04
    .1034178993606128E+03    .1379579105406660E+01    .6345127203158781E-04
    .1034097306285058E+03    .2298382320988523E+01    .1055126546060126E-03
    .1033975019441542E+03    .3215811829512203E+01    .1474867472224088E-03
    .1033812425387609E+03    .4131319297752348E+01    .1893400899009656E-03
    .1033609912784838E+03    .5044357541256932E+01    .2310390523112513E-03
    .1033367965715308E+03    .5954380851390856E+01    .2725501905025412E-03
    .1033087162524462E+03    .6860845321497448E+01    .3138404000633057E-03
    .1032768174438638E+03    .7763209171982938E+01    .3548770144745585E-03
    .1032411763960585E+03    .8660933074129609E+01    .3956278835924208E-03
    .1032018783046789E+03    .9553480472444139E+01    .4360614425690226E-03
    .1031590171070977E+03    .1044031790534846E+02    .4761467747270637E-03
    .1031126952578654E+03    .1132091532402129E+02    .5158536696708234E-03
    .1030630234838050E+03    .1219474640920007E+02    .5551526770812728E-03
    .1030101205193330E+03    .1306128888575377E+02    .5940151563105035E-03
    .1029541128226389E+03    .1392002483483847E+02    .6324133217490427E-03
    .1028951342734019E+03    .1477044100344942E+02    .6703202838887364E-03
    .1028333258527678E+03    .1561202911118432E+02    .7077100859886148E-03
    .1027688353063507E+03    .1644428615403453E+02    .7445577362568550E-03
    .1027018167910642E+03    .1726671470502274E+02    .7808392354789566E-03
    .1026324305066283E+03    .1807882321150725E+02    .8165316000412654E-03
    .1025608423126310E+03    .1888012628897536E+02    .8516128803242866E-03
    .1024872233320610E+03    .1967014501115012E+02    .8860621744636240E-03
    .1024117495422584E+03    .2044840719623701E+02    .9198596374995429E-03
    .1023346013542622E+03    .2121444768913977E+02    .9529864859585439E-03
    .1022559631815595E+03    .2196780863947627E+02    .9854249979266334E-03
    .1021760229992667E+03    .2270803977522862E+02    .1017158508683210E-02
    .1020949718947979E+03    .2343469867186379E+02    .1048171401966308E-02
    .1020130036110933E+03    .2414735101676387E+02    .1078449096910766E-02
    .1019303140834998E+03    .2484557086880808E+02    .1107978030657125E-02
    .1018471009714111E+03    .2552894091295121E+02    .1136745636519762E-02
    .1017635631857865E+03    .2619705270964653E+02    .1164740317428506E-02
    .1016799004136782E+03    .2684950693896385E+02    .1191951414064978E-02
    .1015963126409033E+03    .2748591363925710E+02    .1218369166658452E-02
    .1015129996740016E+03    .2810589244023859E+02    .1243984668701570E-02
    .1014301606626219E+03    .2870907279032087E+02    .1268789809844561E-02
    .1013479936234785E+03    .2929509417809005E+02    .1292777203765407E-02
    .1012666949670162E+03    .2986360634777860E+02    .1315940094886059E-02
    .1011864590279140E+03    .3041426950860847E+02    .1338272235243213E-02
    .1011074776005516E+03    .3094675453787989E+02    .1359767719747189E-02
    .1010299394805477E+03    .3146074317768436E+02    .1380420764490709E-02
    .1009540300134659E+03    .3195592822512416E+02    .1400225409261197E-02
    .1008799306517683E+03    .3243201371592536E+02    .1419175122491444E-02
    .1008078185210744E+03    .3288871510133436E+02    .1437262286120970E-02
    .1007378659967626E+03    .3332575941819280E+02    .1454477540917459E-02
    .1006702402919267E+03    .3374288545208982E+02    .1470808982853085E-02
    .1006051030576707E+03    .3413984389349463E+02    .1486241221997304E-02
    .1005426099966998E+03    .3451639748677778E+02    .1500754351920161E-02
    .1004829104911275E+03    .3487232117203363E+02    .1514322935660119E-02
    .1004261472453907E+03    .3520740221962276E+02    .1526915198442138E-02
    .1003724559451245E+03    .3552144035735926E+02    .1538492728558608E-02
    .1003219649328092E+03    .3581424789027609E+02    .1549011117010336E-02
    .1002747949009639E+03    .3608564981291392E+02    .1558422085010254E-02
    .1002310586036123E+03    .3633548391409743E+02    .1566677698849735E-02
    .1001908605867011E+03    .3656360087419758E+02    .1573737166157122E-02
    .1001542969380906E+03    .3676986435494848E+02    .1579576348228153E-02
    .1001214550576648E+03    .3695415108204546E+02    .1584199447300674E-02
    .1000924134479883E+03    .3711635092114674E+02    .1587651349880153E-02
    .1000672415256845E+03    .3725636694901387E+02    .1590027912036952E-02
    .1000459994530113E+03    .3737411552510314E+02    .1591480253100372E-02
    .1000287379865637E+03    .3746952638262808E+02    .1592208675115011E-02
    .1000154983277996E+03    .3754254282507482E+02    .1592443982335281E-02
    .1000063118736332E+03    .3759312258906759E+02    .1592418390787042E-02
    .1000011985370535E+03    .3762124668596611E+02    .1592329935678818E-02
   -.3422499385741865E+01    .2899861009460990E-02   -.2633323173217218E-03
   -.3422483309902983E+01    .1511580061275123E-01   -.1367013518573616E-02
   -.3422399615773306E+01    .3707101379039907E-01   -.3350449865570357E-02
   -.3422154920391483E+01    .6873237840063670E-01   -.6209920577298673E-02
   -.3421615408905544E+01    .1100456818013001E+00   -.9938493258327635E-02
   -.3420607995795902E+01    .1609395462716005E+00   -.1452531726382150E-01
   -.3418921829090881E+01    .2213259129560790E+00   -.1995427625874132E-01
   -.3416310126935747E+01    .2911002615073201E+00   -.2620225135988632E-01
   -.3412492333185174E+01    .3701418088989323E+00   -.3323694214657230E-01
   -.3407156576330343E+01    .4583137244700458E+00   -.4101412946443044E-01
   -.3399962413847098E+01    .5554633691191829E+00   -.4947422516082172E-01
   -.3390543841956060E+01    .6614225605628714E+00   -.5853794910535148E-01
   -.3378512548831093E+01    .7760078649745398E+00   -.6810103413363221E-01
   -.3363461387492160E+01    .8990209147913801E+00   -.7802802486164186E-01
   -.3344968042984996E+01    .1030248752261028E+01   -.8814554934661609E-01
   -.3322598866994539E+01    .1169464198188539E+01   -.9823594004765560E-01
   -.3295912851772043E+01    .1316426245271923E+01   -.1080327811792770E+00
   -.3264465714186107E+01    .1470880475358960E+01   -.1172208488193941E+00
   -.3227814059843155E+01    .1632559499910252E+01   -.1254439209509397E+00
   -.3185519596569322E+01    .1801183422910057E+01   -.1323249193380446E+00
   -.3137153366107909E+01    .1976460325425918E+01   -.1375035333372810E+00
   -.3082299962667848E+01    .2158086770979604E+01   -.1406964696062288E+00
   -.3020561706960499E+01    .2345748330855375E+01   -.1417847044684837E+00
   -.2951562744584925E+01    .2539120128436696E+01   -.1409334091679229E+00
   -.2874953038063913E+01    .2737867401629423E+01   -.1387626615986118E+00
   -.2790412222491776E+01    .2941646082398016E+01   -.1365535350129476E+00
   -.2697653295625743E+01    .3150103392411681E+01   -.1360025382363225E+00
   -.2596426114329721E+01    .3362878453769349E+01   -.1379840190259980E+00
   -.2486520670555072E+01    .3579602913746309E+01   -.1421530408556079E+00
   -.2367770121509026E+01    .3799901582480978E+01   -.1475161122999079E+00
   -.2240053550307374E+01    .4023393082497913E+01   -.1529487989927842E+00
   -.2103298435223001E+01    .4249690508942636E+01   -.1574721170534438E+00
   -.1957482807612954E+01    .4478402099385300E+01   -.1603808302096539E+00
   -.1802637080720677E+01    .4709131912033675E+01   -.1612806132776455E+00
   -.1638845533792185E+01    .4941480511181339E+01   -.1600676859991108E+00
   -.1466247438299799E+01    .5175045658704448E+01   -.1568741747563002E+00
   -.1285037815518404E+01    .5409423010409988E+01   -.1519972249411085E+00
   -.1095467817230123E+01    .5644206816030010E+01   -.1458260829546380E+00
   -.8978447239262937E+00    .5878990621650034E+01   -.1387775335849712E+00
   -.6925315575128113E+00    .6113367973355572E+01   -.1312460048345857E+00
   -.4799463081879627E+00    .6346933120878681E+01   -.1235707457176513E+00
   -.2605607778325192E+00    .6579281720026345E+01   -.1160192750040384E+00
   -.3489904491141704E-01    .6810011532674721E+01   -.1087841504461361E+00
    .1964644414833709E+00    .7038723123117386E+01   -.1019891008678241E+00
    .4329071282366472E+00    .7265020549562108E+01   -.9570053145404063E-01
    .6737609727312277E+00    .7488512049579043E+01   -.8994104260920460E-01
    .9183153901233263E+00    .7708810718313711E+01   -.8470255029192464E-01
    .1165820515874577E+01    .7925535178290673E+01   -.7995757324494293E-01
    .1415490763825055E+01    .8138310239648339E+01   -.7566807372980705E-01
    .1666508658005161E+01    .8346767549662005E+01   -.7179182106336697E-01
    .1918028914443456E+01    .8550546230430598E+01   -.6828658962535848E-01
    .2169182747446698E+01    .8749293503623324E+01   -.6511265027829014E-01
    .2419082373219107E+01    .8942665301204645E+01   -.6223402842607454E-01
    .2666825682261982E+01    .9130326861080416E+01   -.5961894168050724E-01
    .2911501050762146E+01    .9311953306634102E+01   -.5723973988116986E-01
    .3152192260146652E+01    .9487230209149965E+01   -.5507257850118438E-01
    .3387983493159516E+01    .9655854132149770E+01   -.5309697801903460E-01
    .3617964374209254E+01    .9817533156701060E+01   -.5129536176999475E-01
    .3841235021348496E+01    .9971987386788099E+01   -.4965262259683641E-01
    .4056911077081663E+01    .1011894943387148E+02   -.4815574118505368E-01
    .4264128685255037E+01    .1025816487979899E+02   -.4679346250533018E-01
    .4462049381565716E+01    .1038939271726864E+02   -.4555602784488728E-01
    .4649864865730613E+01    .1051240576708548E+02   -.4443495576830597E-01
    .4826801624081820E+01    .1062699107149715E+02   -.4342286405728770E-01
    .4992125372298161E+01    .1073295026294084E+02   -.4251332493975660E-01
    .5145145289143927E+01    .1083009990758997E+02   -.4170074692102982E-01
    .5285218013472121E+01    .1091827182316109E+02   -.4098027779734579E-01
    .5411751378388399E+01    .1099731337055270E+02   -.4034772469685494E-01
    .5524207858461742E+01    .1106708771910394E+02   -.3979948809092075E-01
    .5622107708538555E+01    .1112747408578842E+02   -.3933250754840738E-01
    .5705031777309812E+01    .1117836795025872E+02   -.3894421757083294E-01
    .5772623990775441E+01    .1121968125365938E+02   -.3863251220128211E-01
    .5824593551036542E+01    .1125134261826962E+02   -.3839571710333272E-01
    .5860717238605821E+01    .1127329783144727E+02   -.3823256628763039E-01
    .5880847047229495E+01    .1128551377105056E+02   -.3814215906543664E-01
    .5906927292494516E+01    .1130132114552321E+02   -.3802556331186116E-01
    .5998200751389695E+01    .1135646922623951E+02   -.3762220953769890E-01
    .6162769129611347E+01    .1145523174730129E+02   -.3691290956958046E-01
    .6401248216188175E+01    .1159685789684499E+02   -.3592408063830919E-01
    .6714395624549563E+01    .1178024197969140E+02   -.3469112591320800E-01
    .7103051619732498E+01    .1200394941984253E+02   -.3325561852731616E-01
    .7568032443040143E+01    .1226622962222783E+02   -.3166235963992959E-01
    .8110003898326092E+01    .1256502997879767E+02   -.2995654235117455E-01
    .8729341776636307E+01    .1289801201434357E+02   -.2818132991935444E-01
    .9425984693625008E+01    .1326256971539552E+02   -.2637605920580599E-01
    .1019928506106145E+02    .1365584993641667E+02   -.2457513759301858E-01
    .1104786404808212E+02    .1407477473419181E+02   -.2280756259259132E-01
    .1196947636334611E+02    .1451606545914589E+02   -.2109689750848463E-01
    .1296089048060901E+02    .1497626841638255E+02   -.1946151632041585E-01
    .1401778953738506E+02    .1545178189616982E+02   -.1791498385766783E-01
    .1513469756929133E+02    .1593888436257690E+02   -.1646651497260117E-01
    .1630493501795653E+02    .1643376357977153E+02   -.1512150303415354E-01
    .1752060658997269E+02    .1693254644809003E+02   -.1388210820542304E-01
    .1877262357465913E+02    .1743132931640853E+02   -.1274787635135732E-01
    .2005076167934454E+02    .1792620853360316E+02   -.1171635046411644E-01
    .2134375434500349E+02    .1841331100001023E+02   -.1078364346360769E-01
    .2263942039653745E+02    .1888882447979751E+02   -.9944949531043865E-02
    .2392482379540548E+02    .1934902743703417E+02   -.9194969489353808E-02
    .2518646223175469E+02    .1979031816198825E+02   -.8528222302504645E-02
    .2641048035111366E+02    .2020924295976339E+02   -.7939230303132212E-02
    .2758290258690753E+02    .2060252318078453E+02   -.7422606021565141E-02
    .2868987989083077E+02    .2096708088183649E+02   -.6973106172171832E-02
    .2971794414057329E+02    .2130006291738239E+02   -.6585715924231592E-02
    .3065426367617839E+02    .2159886327395222E+02   -.6255779955391361E-02
    .3148689328656059E+02    .2186114347633752E+02   -.5979144288740731E-02
    .3220501205285099E+02    .2208485091648866E+02   -.5752256500946023E-02
    .3279914280391607E+02    .2226823499933506E+02   -.5572198198899348E-02
    .3326134782410708E+02    .2240986114887877E+02   -.5436666606867572E-02
    .3358539916106706E+02    .2250862366994055E+02   -.5343930319403676E-02
    .3376696644380863E+02    .2256377175065685E+02   -.5292768438304553E-02
    .3401930739933473E+02    .2264019309318921E+02   -.5222574698466196E-02
    .3491423311461479E+02    .2290916577134742E+02   -.4982173761907412E-02
    .3652312094190700E+02    .2338494282000080E+02   -.4579525327042470E-02
    .3884136660353316E+02    .2405394632492492E+02   -.4060322785450766E-02
    .4185564556662703E+02    .2489694384471966E+02   -.3476567090833159E-02
    .4553848629008671E+02    .2588968718063791E+02   -.2875932180057436E-02
    .4984232014210107E+02    .2700361804916822E+02   -.2297821001416249E-02
    .5469418569014682E+02    .2820669117599776E+02   -.1771102905560424E-02
    .5999201962668663E+02    .2946429659247510E+02   -.1311925125277643E-02
    .6560330751167395E+02    .3074025544517834E+02   -.9251838230817948E-03
    .7136662342745626E+02    .3199786086165568E+02   -.6074480971813169E-03
    .7709627412036183E+02    .3320093398848523E+02   -.3405746515335923E-03
    .8258991418226731E+02    .3431486485701553E+02   -.6159860019229785E-04
    .8763865385724797E+02    .3530760819293378E+02    .3224412555518678E-03
    .9203888008744778E+02    .3615060571272853E+02    .7910789225480972E-03
    .9560479166841867E+02    .3681960921765265E+02    .1193682435133999E-02
    .9818055600825184E+02    .3729538626630602E+02    .1443979845976716E-02
    .9965135412042001E+02    .3756435894446423E+02    .1565241741084106E-02
 Bmu  4.69357083
   -.2499999925929789E+02   -.8606405251201057E-02    .1053171016902542E-03
   -.2499997983669556E+02   -.4490356828020455E-01    .5486991169489727E-03
   -.2499987869403236E+02   -.1101389883891063E+00    .1345508181688205E-02
   -.2499958296540131E+02   -.2042142499161841E+00    .2494261058109239E-02
   -.2499893091749696E+02   -.3269682710965668E+00    .3992205542556025E-02
   -.2499771335311219E+02   -.4781889676492043E+00    .5835059913620014E-02
   -.2499567542918553E+02   -.6576146907172313E+00    .8016518668925842E-02
   -.2499251887654239E+02   -.8649348794913131E+00    .1052766053205051E-01
   -.2498790460521901E+02   -.1099790651941704E+01    .1335629009415251E-01
   -.2498145567640721E+02   -.1361775443778940E+01    .1648623194288103E-01
   -.2497276061936889E+02   -.1650435719169441E+01    .1989660582592286E-01
   -.2496137706913681E+02   -.1965271758897164E+01    .2356112929636745E-01
   -.2494683569845528E+02   -.2305738526908861E+01    .2744750426070205E-01
   -.2492864441523923E+02   -.2671246614612092E+01    .3151695062075749E-01
   -.2490629279485501E+02   -.3061163261653835E+01    .3572396702532914E-01
   -.2487925671476742E+02   -.3474813451576622E+01    .4001641325280526E-01
   -.2484700315756621E+02   -.3911481080534522E+01    .4433600800910723E-01
   -.2480899514709204E+02   -.4370410197086344E+01    .4861932675428618E-01
   -.2476469678133731E+02   -.4850806310941381E+01    .5279935770436666E-01
   -.2471357832500683E+02   -.5351837768404183E+01    .5680761995732631E-01
   -.2465512132409444E+02   -.5872637192144246E+01    .6057677493817901E-01
   -.2458882370456745E+02   -.6412302982802291E+01    .6404357845513958E-01
   -.2451420481725258E+02   -.6969900879836207E+01    .6715193686437522E-01
   -.2443081039128701E+02   -.7544465578906120E+01    .6985577163269309E-01
   -.2433821735903189E+02   -.8135002402999721E+01    .7212137905532598E-01
   -.2423603851614248E+02   -.8740489024405470E+01    .7392900656803739E-01
   -.2412392698154095E+02   -.9359877234553103E+01    .7527345323069738E-01
   -.2400158042334002E+02   -.9992094758657867E+01    .7616362568848720E-01
   -.2386874501830738E+02   -.1063604711202721E+02    .7662111846639555E-01
   -.2372521911423271E+02   -.1129061949481641E+02    .7667801135820708E-01
   -.2357085656654878E+02   -.1195467872195325E+02    .7637416328963999E-01
   -.2340556972275121E+02   -.1262707518489055E+02    .7575431752011934E-01
   -.2322933203054447E+02   -.1330664484179063E+02    .7486531603921356E-01
   -.2304218024819607E+02   -.1399221123269632E+02    .7375366156042343E-01
   -.2284421623829132E+02   -.1468258751619986E+02    .7246358106390376E-01
   -.2263560832892678E+02   -.1537657852408404E+02    .7103565488466948E-01
   -.2241659222934364E+02   -.1607298283037830E+02    .6950599649585629E-01
   -.2218747149006104E+02   -.1677059483124842E+02    .6790591095526473E-01
   -.2194861750070327E+02   -.1746820683211854E+02    .6626192808936328E-01
   -.2170046902190249E+02   -.1816461113841281E+02    .6459609767111167E-01
   -.2144353125087683E+02   -.1885860214629698E+02    .6292644229340350E-01
   -.2117837442351194E+02   -.1954897842980053E+02    .6126748233258630E-01
   -.2090563195898831E+02   -.2023454482070622E+02    .5963076997980550E-01
   -.2062599815617579E+02   -.2091411447760630E+02    .5802539112407148E-01
   -.2034022545413792E+02   -.2158651094054360E+02    .5645841217232114E-01
   -.2004912127213129E+02   -.2225057016768044E+02    .5493526262605768E-01
   -.1975354444742665E+02   -.2290514255046964E+02    .5346005349027849E-01
   -.1945440129209985E+02   -.2354909490383898E+02    .5203583708350076E-01
   -.1915264129262173E+02   -.2418131242794374E+02    .5066481647781153E-01
   -.1884925247859774E+02   -.2480070063809138E+02    .4934851351397917E-01
   -.1854525648935366E+02   -.2540618725949713E+02    .4808790383753041E-01
   -.1824170336921654E+02   -.2599672408359073E+02    .4688352623228271E-01
   -.1793966612428452E+02   -.2657128878266064E+02    .4573557207466820E-01
   -.1764023507520292E+02   -.2712888667969455E+02    .4464395926284034E-01
   -.1734451204195345E+02   -.2766855247035260E+02    .4360839366993642E-01
   -.1705360439791014E+02   -.2818935189409267E+02    .4262842014387157E-01
   -.1676861903140789E+02   -.2869038335155547E+02    .4170346437977920E-01
   -.1649065625380385E+02   -.2917077946541050E+02    .4083286662394179E-01
   -.1622080369347988E+02   -.2962970858196233E+02    .4001590808185840E-01
   -.1596013021543410E+02   -.3006637621092023E+02    .3925183101667091E-01
   -.1570967990603913E+02   -.3048002640084302E+02    .3853985373853419E-01
   -.1547046616220352E+02   -.3086994304788476E+02    .3787918189747499E-01
   -.1524346592356295E+02   -.3123545113558799E+02    .3726901760358559E-01
   -.1502961408545133E+02   -.3157591790359968E+02    .3670856782872918E-01
   -.1482979812926147E+02   -.3189075394332741E+02    .3619705325820198E-01
   -.1464485300540176E+02   -.3217941421871791E+02    .3573371829387079E-01
   -.1447555630237952E+02   -.3244139901055514E+02    .3531784231433541E-01
   -.1432262373356108E+02   -.3267625478300553E+02    .3494875154291782E-01
   -.1418670497075349E+02   -.3288357497177962E+02    .3462583005597353E-01
   -.1406837985052504E+02   -.3306300069484764E+02    .3434852827040644E-01
   -.1396815497363048E+02   -.3321422139140027E+02    .3411636833719357E-01
   -.1388646070340993E+02   -.3333697541258066E+02    .3392894713478773E-01
   -.1382364850825241E+02   -.3343105067410774E+02    .3378593733768862E-01
   -.1377998817894389E+02   -.3349628609421664E+02    .3368708591978822E-01
   -.1375565860095889E+02   -.3353258325724565E+02    .3363219696121920E-01
   -.1372413712089224E+02   -.3357955163355782E+02    .3356128985229472E-01
   -.1361382088388562E+02   -.3374341286253419E+02    .3331496157883417E-01
   -.1341491788983226E+02   -.3403686546991032E+02    .3287789524190966E-01
   -.1312668387430102E+02   -.3445767857198013E+02    .3226019659685615E-01
   -.1274820315875924E+02   -.3500256682193574E+02    .3147599106310908E-01
   -.1227846016887913E+02   -.3566726767096250E+02    .3054267378424290E-01
   -.1171646836606457E+02   -.3644657958428395E+02    .2948017906956516E-01
   -.1106142303546275E+02   -.3733440365740056E+02    .2831033742768044E-01
   -.1031286998159469E+02   -.3832379159008840E+02    .2705625952129460E-01
   -.9470883394171665E+01   -.3940700014696417E+02    .2574162769529397E-01
   -.8536245969115463E+01   -.4057555179031400E+02    .2438985266725477E-01
   -.7510624207434869E+01   -.4182030104215551E+02    .2302317168985237E-01
   -.6396731844218998E+01   -.4313150606665736E+02    .2166184867289790E-01
   -.5198474612179961E+01   -.4449890491666063E+02    .2032362557122200E-01
   -.3921070018984491E+01   -.4591179584923194E+02    .1902347362884325E-01
   -.2571136503001860E+01   -.4735912108242523E+02    .1777358411165569E-01
   -.1156747208006376E+01   -.4882955333811034E+02    .1658349842137379E-01
    .3125553427126881E+00   -.5031158449374526E+02    .1546030667157178E-01
    .1825786220357205E+01   -.5179361564938019E+02    .1440888637922683E-01
    .3370587992330908E+01   -.5326404790506530E+02    .1343216901326833E-01
    .4933343506737629E+01   -.5471137313825858E+02    .1253141472449738E-01
    .6499330174922488E+01   -.5612426407082991E+02    .1170646935193723E-01
    .8052913054027030E+01   -.5749166292083316E+02    .1095599402021593E-01
    .9577772785965081E+01   -.5880286794533501E+02    .1027769562296600E-01
    .1105716331058650E+02   -.6004761719717653E+02    .9668611299381194E-02
    .1247419327511830E+02   -.6121616884052636E+02    .9125466677350607E-02
    .1381212424103939E+02   -.6229937739740213E+02    .8645043954963820E-02
    .1505467817007198E+02   -.6328876533008997E+02    .8224441031893130E-02
    .1618634627427767E+02   -.6417658940320658E+02    .7861145656549327E-02
    .1719269115842526E+02   -.6495590131652801E+02    .7552959310618844E-02
    .1806063428570015E+02   -.6562060216555480E+02    .7297885083257611E-02
    .1877872121925000E+02   -.6616549041551040E+02    .7094082618369009E-02
    .1933735816135314E+02   -.6658630351758021E+02    .6939921661817674E-02
    .1972901779333635E+02   -.6687975612495633E+02    .6834072499360609E-02
    .1994846627900547E+02   -.6704361735393272E+02    .6775546941175202E-02
    .2025345426885847E+02   -.6727068772419267E+02    .6695091282612414E-02
    .2133509238308463E+02   -.6806988495883083E+02    .6418102958885934E-02
    .2327964975797314E+02   -.6948355903231580E+02    .5947705348459324E-02
    .2608156151177408E+02   -.7147136595292837E+02    .5327302378324344E-02
    .2972472316306717E+02   -.7397616045934471E+02    .4612781440955590E-02
    .3417593166834471E+02   -.7692589399437924E+02    .3864319323097853E-02
    .3937769394545187E+02   -.8023571146656074E+02    .3132413697919109E-02
    .4524182629423167E+02   -.8381039690529551E+02    .2452090799254688E-02
    .5164497148007568E+02   -.8754711387594435E+02    .1844906956143793E-02
    .5842696797390850E+02   -.9133836432403884E+02    .1320631029269013E-02
    .6539271083191471E+02   -.9507508129468768E+02    .8795092709564357E-03
    .7231776476558662E+02   -.9864976673342244E+02    .5097543274593940E-03
    .7895756811379646E+02   -.1019595842056040E+03    .1508444057846225E-03
    .8505964948806242E+02   -.1049093177406385E+03   -.3393154381606019E-03
    .9037791509822897E+02   -.1074141122470548E+03   -.9999826237699517E-03
    .9468779917568830E+02   -.1094019191676674E+03   -.1621262141523896E-02
    .9780095705388534E+02   -.1108155932411524E+03   -.2026145151937515E-02
    .9957861452954617E+02   -.1116147904757905E+03   -.2225196234850551E-02
    .1000087548360376E+03   -.1117838207522949E+03   -.2271029539852654E-02
    .1000461057241289E+03   -.1117002557648619E+03   -.2276391136153218E-02
    .1001132091146795E+03   -.1115499683669174E+03   -.2286428568011865E-02
    .1002099195512323E+03   -.1113330149793126E+03   -.2300772400199139E-02
    .1003360076918284E+03   -.1110495211790030E+03   -.2320085829686708E-02
    .1004911725762200E+03   -.1106996554280546E+03   -.2345120740484863E-02
    .1006750434476868E+03   -.1102836265098160E+03   -.2374609384230800E-02
    .1008871808448854E+03   -.1098016829450136E+03   -.2408526325158185E-02
    .1011270777070166E+03   -.1092541127211773E+03   -.2447622542482954E-02
    .1013941606040986E+03   -.1086412430799220E+03   -.2490540078326391E-02
    .1016877911147720E+03   -.1079634403055683E+03   -.2536580909597715E-02
    .1020072673554702E+03   -.1072211094993187E+03   -.2585223622803224E-02
    .1023518256596731E+03   -.1064146943338347E+03   -.2635627111715198E-02
    .1027206424041237E+03   -.1055446767863645E+03   -.2687856109410955E-02
    .1031128359780187E+03   -.1046115768497477E+03   -.2742877917244014E-02
    .1035274688906319E+03   -.1036159522210942E+03   -.2795209721552961E-02
    .1039635500124167E+03   -.1025583979681413E+03   -.2849713974675573E-02
    .1044200369442715E+03   -.1014395461733947E+03   -.2901052487469591E-02
    .1048958385093256E+03   -.1002600655562184E+03   -.2949650456321382E-02
    .1053898173613048E+03   -.9902066107306889E+02   -.2993235220956699E-02
    .1059007927032461E+03   -.9772207349609903E+02   -.3032129752562701E-02
    .1064275431100680E+03   -.9636507897037195E+02   -.3061940898580572E-02
    .1069688094482536E+03   -.9495048854994491E+02   -.3080368446987022E-02
    .1075232978856664E+03   -.9347914771309603E+02   -.3076278910473347E-02
    .1080896829843071E+03   -.9195193585698149E+02   -.3052341105983804E-02
    .1086666108686192E+03   -.9036976577202356E+02   -.3026389893633560E-02
    .1092527024617689E+03   -.8873358309634260E+02   -.2998323955098127E-02
    .1098465567821661E+03   -.8704436575055836E+02   -.2968042818165990E-02
    .1104467542923441E+03   -.8530312335329781E+02   -.2935447443793668E-02
    .1110518602921961E+03   -.8351089661775860E+02   -.2900440859388572E-02
    .1116604283484539E+03   -.8166875672968864E+02   -.2862928823721208E-02
    .1122710037522147E+03   -.7977780470715302E+02   -.2822820518416734E-02
    .1128821269962488E+03   -.7783917074247130E+02   -.2780029262243899E-02
    .1134923372637770E+03   -.7585401352671791E+02   -.2734473244251675E-02
    .1141001759203784E+03   -.7382351955718978E+02   -.2686076271401576E-02
    .1147041900006816E+03   -.7174890242825454E+02   -.2634768525808954E-02
    .1153029356815041E+03   -.6963140210600368E+02   -.2580487326124941E-02
    .1158949817331387E+03   -.6747228418714357E+02   -.2523177886980360E-02
    .1164789129405369E+03   -.6527283914256785E+02   -.2462794069806497E-02
    .1170533334862108E+03   -.6303438154606273E+02   -.2399299117757255E-02
    .1176168702867671E+03   -.6075824928860660E+02   -.2332666366918239E-02
    .1181681762750988E+03   -.5844580277873335E+02   -.2262879925495615E-02
    .1187059336203876E+03   -.5609842412943723E+02   -.2189935312280819E-02
    .1192288568782200E+03   -.5371751633210548E+02   -.2113840045381946E-02
    .1197356960632886E+03   -.5130450241797215E+02   -.2034614172039118E-02
    .1202252396373318E+03   -.4886082460759462E+02   -.1952290730302972E-02
    .1206963174051706E+03   -.4638794344886078E+02   -.1866916133484895E-02
    .1211478033119202E+03   -.4388733694404247E+02   -.1778550468586746E-02
    .1215786181346887E+03   -.4136049966641654E+02   -.1687267700410756E-02
    .1219877320623305E+03   -.3880894186698178E+02   -.1593155773737833E-02
    .1223741671570857E+03   -.3623418857180560E+02   -.1496316606849331E-02
    .1227369996922236E+03   -.3363777867053972E+02   -.1396865970760600E-02
    .1230753623601003E+03   -.3102126399664996E+02   -.1294933249812400E-02
    .1233884463453538E+03   -.2838620839990968E+02   -.1190661080740583E-02
    .1236755032582799E+03   -.2573418681171128E+02   -.1084204868982623E-02
    .1239358469237682E+03   -.2306678430375431E+02   -.9757321827968997E-03
    .1241688550215212E+03   -.2038559514067303E+02   -.8654220277681266E-03
    .1243739705736365E+03   -.1769222182716936E+02   -.7534640065504029E-03
    .1245507032759956E+03   -.1498827415022097E+02   -.6400573715443351E-03
    .1246986306702773E+03   -.1227536821693674E+02   -.5254099825844833E-03
    .1248173991537929E+03   -.9555125488635063E+01   -.4097371911187108E-03
    .1249067248247320E+03   -.6829171811721607E+01   -.2932607016519585E-03
    .1249663941607950E+03   -.4099136445946540E+01   -.1762075916006704E-03
    .1249962645295930E+03   -.1366651090621522E+01   -.5881021406095955E-04
    .1249962645295930E+03    .1366651090621522E+01    .5881021406095955E-04
    .1249663941607950E+03    .4099136445946540E+01    .1762075916006704E-03
    .1249067248247320E+03    .6829171811721607E+01    .2932607016519585E-03
    .1248173991537929E+03    .9555125488635063E+01    .4097371911187108E-03
    .1246986306702773E+03    .1227536821693674E+02    .5254099825844833E-03
    .1245507032759956E+03    .1498827415022095E+02    .6400573715443351E-03
    .1243739705736365E+03    .1769222182716936E+02    .7534640065504029E-03
    .1241688550215212E+03    .2038559514067303E+02    .8654220277681266E-03
    .1239358469237682E+03    .2306678430375432E+02    .9757321827968997E-03
    .1236755032582799E+03    .2573418681171128E+02    .1084204868982623E-02
    .1233884463453538E+03    .2838620839990968E+02    .1190661080740583E-02
    .1230753623601003E+03    .3102126399664996E+02    .1294933249812400E-02
    .1227369996922236E+03    .3363777867053972E+02    .1396865970760600E-02
    .1223741671570857E+03    .3623418857180560E+02    .1496316606849331E-02
    .1219877320623305E+03    .3880894186698178E+02    .1593155773737833E-02
    .1215786181346887E+03    .4136049966641654E+02    .1687267700410756E-02
    .1211478033119202E+03    .4388733694404247E+02    .1778550468586746E-02
    .1206963174051706E+03    .4638794344886078E+02    .1866916133484895E-02
    .1202252396373318E+03    .4886082460759462E+02    .1952290730302972E-02
    .1197356960632886E+03    .5130450241797217E+02    .2034614172039118E-02
    .1192288568782200E+03    .5371751633210548E+02    .2113840045381946E-02
    .1187059336203876E+03    .5609842412943722E+02    .2189935312280819E-02
    .1181681762750988E+03    .5844580277873335E+02    .2262879925495615E-02
    .1176168702867671E+03    .6075824928860661E+02    .2332666366918239E-02
    .1170533334862108E+03    .6303438154606273E+02    .2399299117757255E-02
    .1164789129405369E+03    .6527283914256786E+02    .2462794069806497E-02
    .1158949817331387E+03    .6747228418714356E+02    .2523177886980360E-02
    .1153029356815041E+03    .6963140210600369E+02    .2580487326124941E-02
    .1147041900006816E+03    .7174890242825455E+02    .2634768525808954E-02
    .1141001759203784E+03    .7382351955718980E+02    .2686076271401576E-02
    .1134923372637770E+03    .7585401352671791E+02    .2734473244251675E-02
    .1128821269962488E+03    .7783917074247130E+02    .2780029262243899E-02
    .1122710037522147E+03    .7977780470715302E+02    .2822820518416734E-02
    .1116604283484539E+03    .8166875672968867E+02    .2862928823721208E-02
    .1110518602921961E+03    .8351089661775862E+02    .2900440859388572E-02
    .1104467542923441E+03    .8530312335329779E+02    .2935447443793668E-02
    .1098465567821661E+03    .8704436575055834E+02    .2968042818165990E-02
    .1092527024617689E+03    .8873358309634260E+02    .2998323955098127E-02
    .1086666108686192E+03    .9036976577202356E+02    .3026389893633560E-02
    .1080896829843071E+03    .9195193585698149E+02    .3052341105983804E-02
    .1075232978856664E+03    .9347914771309604E+02    .3076278910473347E-02
    .1069688094482536E+03    .9495048854994492E+02    .3080368446987022E-02
    .1064275431100680E+03    .9636507897037197E+02    .3061940898580572E-02
    .1059007927032461E+03    .9772207349609906E+02    .3032129752562701E-02
    .1053898173613049E+03    .9902066107306888E+02    .2993235220956699E-02
    .1048958385093256E+03    .1002600655562184E+03    .2949650456321382E-02
    .1044200369442715E+03    .1014395461733947E+03    .2901052487469591E-02
    .1039635500124167E+03    .1025583979681413E+03    .2849713974675573E-02
    .1035274688906319E+03    .1036159522210942E+03    .2795209721552961E-02
    .1031128359780187E+03    .1046115768497477E+03    .2742877917244014E-02
    .1027206424041237E+03    .1055446767863645E+03    .2687856109410955E-02
    .1023518256596731E+03    .1064146943338347E+03    .2635627111715198E-02
    .1020072673554702E+03    .1072211094993187E+03    .2585223622803224E-02
    .1016877911147720E+03    .1079634403055683E+03    .2536580909597715E-02
    .1013941606040986E+03    .1086412430799220E+03    .2490540078326391E-02
    .1011270777070166E+03    .1092541127211773E+03    .2447622542482954E-02
    .1008871808448854E+03    .1098016829450136E+03    .2408526325158185E-02
    .1006750434476868E+03    .1102836265098160E+03    .2374609384230800E-02
    .1004911725762200E+03    .1106996554280546E+03    .2345120740484863E-02
    .1003360076918283E+03    .1110495211790030E+03    .2320085829686708E-02
    .1002099195512323E+03    .1113330149793126E+03    .2300772400199139E-02
    .1001132091146794E+03    .1115499683669174E+03    .2286428568011865E-02
    .1000461057241289E+03    .1117002557648619E+03    .2276391136153218E-02
    .1000087548360376E+03    .1117838207522949E+03    .2271029539852654E-02
   -.2499999925929789E+02    .8606405251201057E-02   -.1053171016902542E-03
   -.2499997983669556E+02    .4490356828020455E-01   -.5486991169489727E-03
   -.2499987869403236E+02    .1101389883891063E+00   -.1345508181688205E-02
   -.2499958296540131E+02    .2042142499161841E+00   -.2494261058109239E-02
   -.2499893091749696E+02    .3269682710965668E+00   -.3992205542556025E-02
   -.2499771335311219E+02    .4781889676492043E+00   -.5835059913620014E-02
   -.2499567542918553E+02    .6576146907172313E+00   -.8016518668925842E-02
   -.2499251887654239E+02    .8649348794913131E+00   -.1052766053205051E-01
   -.2498790460521901E+02    .1099790651941704E+01   -.1335629009415251E-01
   -.2498145567640721E+02    .1361775443778940E+01   -.1648623194288103E-01
   -.2497276061936889E+02    .1650435719169441E+01   -.1989660582592286E-01
   -.2496137706913681E+02    .1965271758897164E+01   -.2356112929636745E-01
   -.2494683569845528E+02    .2305738526908861E+01   -.2744750426070205E-01
   -.2492864441523923E+02    .2671246614612092E+01   -.3151695062075749E-01
   -.2490629279485501E+02    .3061163261653835E+01   -.3572396702532914E-01
   -.2487925671476742E+02    .3474813451576622E+01   -.4001641325280526E-01
   -.2484700315756621E+02    .3911481080534522E+01   -.4433600800910723E-01
   -.2480899514709204E+02    .4370410197086344E+01   -.4861932675428618E-01
   -.2476469678133731E+02    .4850806310941381E+01   -.5279935770436666E-01
   -.2471357832500683E+02    .5351837768404183E+01   -.5680761995732631E-01
   -.2465512132409444E+02    .5872637192144246E+01   -.6057677493817901E-01
   -.2458882370456745E+02    .6412302982802291E+01   -.6404357845513958E-01
   -.2451420481725258E+02    .6969900879836207E+01   -.6715193686437522E-01
   -.2443081039128701E+02    .7544465578906120E+01   -.6985577163269309E-01
   -.2433821735903189E+02    .8135002402999721E+01   -.7212137905532598E-01
   -.2423603851614248E+02    .8740489024405470E+01   -.7392900656803739E-01
   -.2412392698154095E+02    .9359877234553103E+01   -.7527345323069738E-01
   -.2400158042334002E+02    .9992094758657867E+01   -.7616362568848720E-01
   -.2386874501830738E+02    .1063604711202721E+02   -.7662111846639555E-01
   -.2372521911423271E+02    .1129061949481641E+02   -.7667801135820708E-01
   -.2357085656654878E+02    .1195467872195325E+02   -.7637416328963999E-01
   -.2340556972275121E+02    .1262707518489055E+02   -.7575431752011934E-01
   -.2322933203054447E+02    .1330664484179063E+02   -.7486531603921356E-01
   -.2304218024819607E+02    .1399221123269632E+02   -.7375366156042343E-01
   -.2284421623829132E+02    .1468258751619986E+02   -.7246358106390376E-01
   -.2263560832892678E+02    .1537657852408404E+02   -.7103565488466948E-01
   -.2241659222934364E+02    .1607298283037830E+02   -.6950599649585629E-01
   -.2218747149006104E+02    .1677059483124842E+02   -.6790591095526473E-01
   -.2194861750070327E+02    .1746820683211854E+02   -.6626192808936328E-01
   -.2170046902190249E+02    .1816461113841281E+02   -.6459609767111167E-01
   -.2144353125087683E+02    .1885860214629698E+02   -.6292644229340350E-01
   -.2117837442351194E+02    .1954897842980053E+02   -.6126748233258630E-01
   -.2090563195898831E+02    .2023454482070622E+02   -.5963076997980550E-01
   -.2062599815617579E+02    .2091411447760630E+02   -.5802539112407148E-01
   -.2034022545413792E+02    .2158651094054360E+02   -.5645841217232114E-01
   -.2004912127213129E+02    .2225057016768044E+02   -.5493526262605768E-01
   -.1975354444742665E+02    .2290514255046964E+02   -.5346005349027849E-01
   -.1945440129209985E+02    .2354909490383898E+02   -.5203583708350076E-01
   -.1915264129262173E+02    .2418131242794374E+02   -.5066481647781153E-01
   -.1884925247859774E+02    .2480070063809138E+02   -.4934851351397917E-01
   -.1854525648935366E+02    .2540618725949713E+02   -.4808790383753041E-01
   -.1824170336921654E+02    .2599672408359073E+02   -.4688352623228271E-01
   -.1793966612428452E+02    .2657128878266064E+02   -.4573557207466820E-01
   -.1764023507520292E+02    .2712888667969455E+02   -.4464395926284034E-01
   -.1734451204195345E+02    .2766855247035260E+02   -.4360839366993642E-01
   -.1705360439791014E+02    .2818935189409267E+02   -.4262842014387157E-01
   -.1676861903140789E+02    .2869038335155547E+02   -.4170346437977920E-01
   -.1649065625380385E+02    .2917077946541050E+02   -.4083286662394179E-01
   -.1622080369347988E+02    .2962970858196233E+02   -.4001590808185840E-01
   -.1596013021543410E+02    .3006637621092023E+02   -.3925183101667091E-01
   -.1570967990603913E+02    .3048002640084302E+02   -.3853985373853419E-01
   -.1547046616220352E+02    .3086994304788476E+02   -.3787918189747499E-01
   -.1524346592356295E+02    .3123545113558799E+02   -.3726901760358559E-01
   -.1502961408545133E+02    .3157591790359968E+02   -.3670856782872918E-01
   -.1482979812926147E+02    .3189075394332741E+02   -.3619705325820198E-01
   -.1464485300540176E+02    .3217941421871791E+02   -.3573371829387079E-01
   -.1447555630237952E+02    .3244139901055514E+02   -.3531784231433541E-01
   -.1432262373356108E+02    .3267625478300553E+02   -.3494875154291782E-01
   -.1418670497075349E+02    .3288357497177962E+02   -.3462583005597353E-01
   -.1406837985052504E+02    .3306300069484764E+02   -.3434852827040644E-01
   -.1396815497363048E+02    .3321422139140027E+02   -.3411636833719357E-01
   -.1388646070340993E+02    .3333697541258066E+02   -.3392894713478773E-01
   -.1382364850825241E+02    .3343105067410774E+02   -.3378593733768862E-01
   -.1377998817894389E+02    .3349628609421664E+02   -.3368708591978822E-01
   -.1375565860095889E+02    .3353258325724565E+02   -.3363219696121920E-01
   -.1372413712089224E+02    .3357955163355782E+02   -.3356128985229472E-01
   -.1361382088388562E+02    .3374341286253419E+02   -.3331496157883417E-01
   -.1341491788983226E+02    .3403686546991032E+02   -.3287789524190966E-01
   -.1312668387430102E+02    .3445767857198013E+02   -.3226019659685615E-01
   -.1274820315875924E+02    .3500256682193574E+02   -.3147599106310908E-01
   -.1227846016887913E+02    .3566726767096250E+02   -.3054267378424290E-01
   -.1171646836606457E+02    .3644657958428395E+02   -.2948017906956516E-01
   -.1106142303546275E+02    .3733440365740056E+02   -.2831033742768044E-01
   -.1031286998159469E+02    .3832379159008840E+02   -.2705625952129460E-01
   -.9470883394171665E+01    .3940700014696417E+02   -.2574162769529397E-01
   -.8536245969115463E+01    .4057555179031400E+02   -.2438985266725477E-01
   -.7510624207434869E+01    .4182030104215551E+02   -.2302317168985237E-01
   -.6396731844218998E+01    .4313150606665736E+02   -.2166184867289790E-01
   -.5198474612179961E+01    .4449890491666063E+02   -.2032362557122200E-01
   -.3921070018984491E+01    .4591179584923194E+02   -.1902347362884325E-01
   -.2571136503001860E+01    .4735912108242523E+02   -.1777358411165569E-01
   -.1156747208006376E+01    .4882955333811034E+02   -.1658349842137379E-01
    .3125553427126881E+00    .5031158449374526E+02   -.1546030667157178E-01
    .1825786220357205E+01    .5179361564938019E+02   -.1440888637922683E-01
    .3370587992330908E+01    .5326404790506530E+02   -.1343216901326833E-01
    .4933343506737629E+01    .5471137313825858E+02   -.1253141472449738E-01
    .6499330174922488E+01    .5612426407082991E+02   -.1170646935193723E-01
    .8052913054027030E+01    .5749166292083316E+02   -.1095599402021593E-01
    .9577772785965081E+01    .5880286794533501E+02   -.1027769562296600E-01
    .1105716331058650E+02    .6004761719717653E+02   -.9668611299381194E-02
    .1247419327511830E+02    .6121616884052636E+02   -.9125466677350607E-02
    .1381212424103939E+02    .6229937739740213E+02   -.8645043954963820E-02
    .1505467817007198E+02    .6328876533008997E+02   -.8224441031893130E-02
    .1618634627427767E+02    .6417658940320658E+02   -.7861145656549327E-02
    .1719269115842526E+02    .6495590131652801E+02   -.7552959310618844E-02
    .1806063428570015E+02    .6562060216555480E+02   -.7297885083257611E-02
    .1877872121925000E+02    .6616549041551040E+02   -.7094082618369009E-02
    .1933735816135314E+02    .6658630351758021E+02   -.6939921661817674E-02
    .1972901779333635E+02    .6687975612495633E+02   -.6834072499360609E-02
    .1994846627900547E+02    .6704361735393272E+02   -.6775546941175202E-02
    .2025345426885847E+02    .6727068772419267E+02   -.6695091282612414E-02
    .2133509238308463E+02    .6806988495883083E+02   -.6418102958885934E-02
    .2327964975797314E+02    .6948355903231580E+02   -.5947705348459324E-02
    .2608156151177408E+02    .7147136595292837E+02   
