   -.4899999999993638E+00   -.1116615569236778E-05    .1820549809748199E+01
   -.4899999999858807E+00   -.5260582789125187E-05    .1820549809737456E+01
   -.4899999999188210E+00   -.1261390832256456E-04    .1820549809618518E+01
   -.4899999997299631E+00   -.2300591546276267E-04    .1820549809232522E+01
   -.4899999993316581E+00   -.3619323226557361E-04    .1820549808375313E+01
   -.4899999986274663E+00   -.5186680961906741E-04    .1820549806822011E+01
   -.4899999975242772E+00   -.6965928932541494E-04    .1820549804355179E+01
   -.4899999959447085E+00   -.8915363799823099E-04    .1820549800793564E+01
   -.4899999938385430E+00   -.1098929282419546E-03    .1820549796018589E+01
   -.4899999911920366E+00   -.1313910507729308E-03    .1820549789996041E+01
   -.4899999880341233E+00   -.1531441092865265E-03    .1820549782790434E+01
   -.4899999844388218E+00   -.1746422318175027E-03    .1820549774570649E+01
   -.4899999805235004E+00   -.1953815220612263E-03    .1820549765606016E+01
   -.4899999764430408E+00   -.2148758707340424E-03    .1820549756252792E+01
   -.4899999723803258E+00   -.2326683504403899E-03    .1820549746932246E+01
   -.4899999685338198E+00   -.2483419277938837E-03    .1820549738101940E+01
   -.4899999651032929E+00   -.2615292445966947E-03    .1820549730222655E+01
   -.4899999622749147E+00   -.2719212517368927E-03    .1820549723724028E+01
   -.4899999602069951E+00   -.2792745772703321E-03    .1820549718971466E+01
   -.4899999590173105E+00   -.2834185444902206E-03    .1820549716236856E+01
   -.4899995074600259E+00   -.9825366910168438E-03    .1820548673972132E+01
   -.4899919902166732E+00   -.3962218484693096E-02    .1820531280827295E+01
   -.4899556798563231E+00   -.9320272614394935E-02    .1820447239205149E+01
   -.4898516232641013E+00   -.1705339855751128E-01    .1820206512367779E+01
   -.4896237713695412E+00   -.2715525944819972E-01    .1819680155224213E+01
   -.4891992142388673E+00   -.3961742156955762E-01    .1818702264657443E+01
   -.4884884872716362E+00   -.5442944926777166E-01    .1817073634308960E+01
   -.4873859473312469E+00   -.7157893007551833E-01    .1814567909693835E+01
   -.4857702174822406E+00   -.9105148947056424E-01    .1810941091428973E+01
   -.4835046987674712E+00   -.1128308043743215E+00    .1805945157782293E+01
   -.4804381472215193E+00   -.1368986173992350E+00    .1799346319609552E+01
   -.4764053140860834E+00   -.1632347524005733E+00    .1790947929093097E+01
   -.4712276469693539E+00   -.1918171315082839E+00    .1780617302884222E+01
   -.4647140494753247E+00   -.2226217936958630E+00    .1768314692105307E+01
   -.4566616966213423E+00   -.2556229149003840E+00    .1754121400911234E+01
   -.4468569031636430E+00   -.2907928296902444E+00    .1738262774371740E+01
   -.4350760417618634E+00   -.3281020544689526E+00    .1721120701172824E+01
   -.4210865077351573E+00   -.3675193121988169E+00    .1703229761140610E+01
   -.4046477269952390E+00   -.4090115586255864E+00    .1685251604744006E+01
   -.3855122035859503E+00   -.4525440099830482E+00    .1667923968374823E+01
   -.3634266031153623E+00   -.4980801721549349E+00    .1651984129785286E+01
   -.3381328682354525E+00   -.5455818712700350E+00    .1638071437207241E+01
   -.3093693622065009E+00   -.5950092857050703E+00    .1626618719351386E+01
   -.2768720364789250E+00   -.6463209794686436E+00    .1617745136080047E+01
   -.2403756181346705E+00   -.6994739369383577E+00    .1611169437537312E+01
   -.1996148129538337E+00   -.7544235989220418E+00    .1606188426397953E+01
   -.1543255198101419E+00   -.8111239000128906E+00    .1601741035502043E+01
   -.1042460520515053E+00   -.8695273072072259E+00    .1596531468611923E+01
   -.4911836148921833E-01   -.9295848597525305E+00    .1589202134432959E+01
    .1131073939831612E-01   -.9912462101923515E+00    .1578536833005457E+01
    .7728836144422796E-01   -.1054459666573685E+01    .1563658998200657E+01
    .1490543333388052E+00   -.1119172235781454E+01    .1544184081911469E+01
    .2268400110995376E+00   -.1185329667963767E+01    .1520291327769985E+01
    .3108671067809113E+00   -.1252876502010707E+01    .1492696852409095E+01
    .4013465406824873E+00   -.1321756112048541E+01    .1462532873453936E+01
    .4984773212424088E+00   -.1391910754910357E+01    .1431160433394203E+01
    .6024454567177915E+00   -.1463281618543359E+01    .1399958047477224E+01
    .7134229026537136E+00   -.1535808871312208E+01    .1370131647746120E+01
    .8315665490290771E+00   -.1609431712157118E+01    .1342581556396599E+01
    .9570172508408152E+00   -.1684088421564615E+01    .1317843951622923E+01
    .1089898905748231E+01   -.1759716413308273E+01    .1296103980875003E+01
    .1230317582247084E+01   -.1836252286916012E+01    .1277261795294877E+01
    .1378360701678938E+01   -.1913631880820007E+01    .1261025239024965E+01
    .1534096277205786E+01   -.1991790326144632E+01    .1247004072551911E+01
    .1697572212693619E+01   -.2070662101087354E+01    .1234787841166583E+01
    .1868815664252103E+01   -.2150181085846985E+01    .1223998948491732E+01
    .2047832466971440E+01   -.2230280618053258E+01    .1214320766284983E+01
    .2234606629182601E+01   -.2310893548651235E+01    .1205505831397848E+01
    .2429099896343997E+01   -.2391952298193723E+01    .1197371111574699E+01
    .2631251386427271E+01   -.2473388913494489E+01    .1189786817541418E+01
    .2840977298437787E+01   -.2555135124594795E+01    .1182663508535379E+01
    .3058170695462462E+01   -.2637122401995483E+01    .1175940293687007E+01
    .3282701363389723E+01   -.2719282014106638E+01    .1169575356088334E+01
    .3514415746194196E+01   -.2801545084866675E+01    .1163539006135133E+01
    .3753136958423365E+01   -.2883842651482531E+01    .1157808945481055E+01
    .3998664875265361E+01   -.2966105722242568E+01    .1152367238279758E+01
    .4250776300317662E+01   -.3048265334353723E+01    .1147198491396068E+01
    .4509225210915974E+01   -.3130252611754411E+01    .1142288832012691E+01
    .4773743080622495E+01   -.3211998822854717E+01    .1137625377019230E+01
    .5044039278213472E+01   -.3293435438155484E+01    .1133195984164397E+01
    .5319801542248669E+01   -.3374494187697971E+01    .1128989149863182E+01
    .5600696530050679E+01   -.3455107118295948E+01    .1124993971929411E+01
    .5886370439670988E+01   -.3535206650502221E+01    .1121200130308635E+01
    .6176449703173064E+01   -.3614725635261852E+01    .1117597859032798E+01
    .6470541749321398E+01   -.3693597410204574E+01    .1114177891731607E+01
    .6768235833530001E+01   -.3771755855529199E+01    .1110931364136609E+01
    .7069103932695550E+01   -.3849135449433194E+01    .1107849652876070E+01
    .7372701702319363E+01   -.3925671323040933E+01    .1104924123859151E+01
    .7678569493110018E+01   -.4001299314784591E+01    .1102145760634660E+01
    .7986233424054989E+01   -.4075956024192088E+01    .1099504650155244E+01
    .8295206508755992E+01   -.4149578865036998E+01    .1096989327973150E+01
    .8604989831639575E+01   -.4222106117805848E+01    .1094586031973207E+01
    .8915073770482270E+01   -.4293476981438848E+01    .1092277980590494E+01
    .9224939261529013E+01   -.4363631624300665E+01    .1090044863311659E+01
    .9534059103335206E+01   -.4432511234338499E+01    .1087862781072362E+01
    .9841899295326987E+01   -.4500058068385440E+01    .1085704869323468E+01
    .1014792040695164E+02   -.4566215500567752E+01    .1083542752346537E+01
    .1045157897318104E+02   -.4630928069775521E+01    .1081348812516221E+01
    .1075232891203582E+02   -.4694141526156854E+01    .1079099043974614E+01
    .1104962295971695E+02   -.4755802876596675E+01    .1076776056613202E+01
    .1134291411886509E+02   -.4815860429141980E+01    .1074371673231858E+01
    .1163165711541634E+02   -.4874263836336316E+01    .1071888572949864E+01
    .1191530985948613E+02   -.4930964137427163E+01    .1069340589645904E+01
    .1219333490569159E+02   -.4985913799410849E+01    .1066751539242877E+01
    .1246520090831571E+02   -.5039066756880562E+01    .1064152751087164E+01
    .1273038406672561E+02   -.5090378450644136E+01    .1061579733006398E+01
    .1298836955648074E+02   -.5139805865079172E+01    .1059068541937589E+01
    .1323865294160566E+02   -.5187307564194271E+01    .1056652435807581E+01
    .1348074156355595E+02   -.5232843726366157E+01    .1054359263410584E+01
    .1371415590247414E+02   -.5276376177723620E+01    .1052209854177472E+01
    .1393843090641620E+02   -.5317868424150389E+01    .1050217457301645E+01
    .1415311728432611E+02   -.5357285681880254E+01    .1048388100413214E+01
    .1435778275864837E+02   -.5394594906658962E+01    .1046721622751167E+01
    .1455201327359345E+02   -.5429764821448822E+01    .1045213094449555E+01
    .1473541415521085E+02   -.5462765942653343E+01    .1043854351416424E+01
    .1490761121957768E+02   -.5493570604840922E+01    .1042635433293871E+01
    .1506825182557796E+02   -.5522152983948633E+01    .1041545787102067E+01
    .1521700586893175E+02   -.5548489118949972E+01    .1040575172348352E+01
    .1535356671433742E+02   -.5572556931974884E+01    .1039714262453461E+01
    .1547765206282664E+02   -.5594336246878642E+01    .1038954977208625E+01
    .1558900475173266E+02   -.5613808806273688E+01    .1038290602077241E+01
    .1568739348512810E+02   -.5630958287081435E+01    .1037715756176044E+01
    .1577261349349342E+02   -.5645770314779649E+01    .1037226266382748E+01
    .1584448712380475E+02   -.5658232476901007E+01    .1036818994586068E+01
    .1590286436989205E+02   -.5668334337791695E+01    .1036491652510884E+01
    .1594762339432089E+02   -.5676067463734811E+01    .1036242626843446E+01
    .1597867138522554E+02   -.5681425517864514E+01    .1036070826842964E+01
    .1599595024178626E+02   -.5684405199658189E+01    .1035975537316004E+01
    .1600017159478634E+02   -.5684107811072304E+01    .1035953382937077E+01
    .1600090367219293E+02   -.5679858605824146E+01    .1035954100583568E+01
    .1600221889864772E+02   -.5672216625376412E+01    .1035955668572086E+01
    .1600411442320415E+02   -.5661184738679179E+01    .1035958194734275E+01
    .1600658575075984E+02   -.5646769331208885E+01    .1035961654041594E+01
    .1600962698249391E+02   -.5628978969111680E+01    .1035965840128965E+01
    .1601323085157467E+02   -.5607824268835047E+01    .1035970530264342E+01
    .1601738874455976E+02   -.5583317867436762E+01    .1035975558317531E+01
    .1602209072305753E+02   -.5555474408826453E+01    .1035980851848705E+01
    .1602732554784033E+02   -.5524310532949035E+01    .1035986413959545E+01
    .1603308070584953E+02   -.5489844865036254E+01    .1035992288971930E+01
    .1603934244016722E+02   -.5452098004123770E+01    .1035998529814874E+01
    .1604609578292959E+02   -.5411092510571605E+01    .1036005179737450E+01
    .1605332459112083E+02   -.5366852892493925E+01    .1036012266082896E+01
    .1606101158516917E+02   -.5319405591063894E+01    .1036019800748479E+01
    .1606913839025639E+02   -.5268778964683269E+01    .1036027783978236E+01
    .1607768558024337E+02   -.5215003272016946E+01    .1036036208458448E+01
    .1608663272410772E+02   -.5158110653897874E+01    .1036045062104611E+01
    .1609595843478278E+02   -.5098135114110622E+01    .1036054329781057E+01
    .1610564042028158E+02   -.5035112499063683E+01    .1036063994339731E+01
    .1611565553698362E+02   -.4969080476361825E+01    .1036074037114200E+01
    .1612597984495734E+02   -.4900078512290838E+01    .1036084438132691E+01
    .1613658866518577E+02   -.4828147848227788E+01    .1036095176235822E+01
    .1614745663855906E+02   -.4753331475990747E+01    .1036106229137906E+01
    .1615855778649242E+02   -.4675674112142548E+01    .1036117573476830E+01
    .1616986557302494E+02   -.4595222171263887E+01    .1036129184857693E+01
    .1618135296825067E+02   -.4512023738211684E+01    .1036141037897770E+01
    .1619299251293046E+02   -.4426128539379219E+01    .1036153106285445E+01
    .1620475638412995E+02   -.4337587912975233E+01    .1036165362836769E+01
    .1621661646172705E+02   -.4246454778339720E+01    .1036177779563272E+01
    .1622854439562970E+02   -.4152783604314731E+01    .1036190327741267E+01
    .1624051167354341E+02   -.4056630376689105E+01    .1036202977989088E+01
    .1625248968912648E+02   -.3958052564736553E+01    .1036215700345854E+01
    .1626444981037003E+02   -.3857109086867117E+01    .1036228464355845E+01
    .1627636344803942E+02   -.3753860275412503E+01    .1036241239153811E+01
    .1628820212401336E+02   -.3648367840566352E+01    .1036253993552835E+01
    .1629993753935748E+02   -.3540694833500997E+01    .1036266696132804E+01
    .1631154164196952E+02   -.3430905608682727E+01    .1036279315328239E+01
    .1632298669363453E+02   -.3319065785408119E+01    .1036291819515345E+01
    .1633424533632973E+02   -.3205242208584389E+01    .1036304177096496E+01
    .1634529065762064E+02   -.3089502908777226E+01    .1036316356581860E+01
    .1635609625499194E+02   -.2971917061549978E+01    .1036328326666982E+01
    .1636663629895960E+02   -.2852554946118488E+01    .1036340056306396E+01
    .1637688559481311E+02   -.2731487903346302E+01    .1036351514782270E+01
    .1638681964284046E+02   -.2608788293105348E+01    .1036362671769084E+01
    .1639641469689170E+02   -.2484529451027560E+01    .1036373497394160E+01
    .1640564782114135E+02   -.2358785644673330E+01    .1036383962295607E+01
    .1641449694491364E+02   -.2231632029142935E+01    .1036394037679026E+01
    .1642294091543990E+02   -.2103144602157510E+01    .1036403695375127E+01
    .1643095954842168E+02   -.1973400158636405E+01    .1036412907900831E+01
    .1643853367627888E+02   -.1842476244798054E+01    .1036421648526834E+01
    .1644564519396758E+02   -.1710451111811822E+01    .1036429891354827E+01
    .1645227710225797E+02   -.1577403669028500E+01    .1036437611407897E+01
    .1645841354836894E+02   -.1443413436817424E+01    .1036444784737679E+01
    .1646403986386229E+02   -.1308560499038400E+01    .1036451388552350E+01
    .1646914259970586E+02   -.1172925455176823E+01    .1036457401370716E+01
    .1647370955842182E+02   -.1036589372170644E+01    .1036462803210525E+01
    .1647772982324328E+02   -.8996337359579183E+00    .1036467575826062E+01
    .1648119378420952E+02   -.7621404027739408E+00    .1036471703026258E+01
    .1648409316113744E+02   -.6241915502270609E+00    .1036475171146849E+01
    .1648642102341434E+02   -.4858696281824093E+00    .1036477969884536E+01
    .1648817180656475E+02   -.3472573094829082E+00    .1036480094279452E+01
    .1648934132555159E+02   -.2084374405370072E+00    .1036481552439421E+01
    .1648992678478002E+02   -.6949299180268736E-01    .1036482447579525E+01
    .1648992678478002E+02    .6949299180268646E-01    .1036482447579525E+01
    .1648934132555159E+02    .2084374405370072E+00    .1036481552439421E+01
    .1648817180656475E+02    .3472573094829082E+00    .1036480094279452E+01
    .1648642102341434E+02    .4858696281824093E+00    .1036477969884536E+01
    .1648409316113744E+02    .6241915502270600E+00    .1036475171146849E+01
    .1648119378420952E+02    .7621404027739408E+00    .1036471703026258E+01
    .1647772982324328E+02    .8996337359579183E+00    .1036467575826062E+01
    .1647370955842182E+02    .1036589372170644E+01    .1036462803210525E+01
    .1646914259970586E+02    .1172925455176824E+01    .1036457401370716E+01
    .1646403986386229E+02    .1308560499038400E+01    .1036451388552350E+01
    .1645841354836894E+02    .1443413436817424E+01    .1036444784737679E+01
    .1645227710225797E+02    .1577403669028500E+01    .1036437611407897E+01
    .1644564519396758E+02    .1710451111811822E+01    .1036429891354827E+01
    .1643853367627888E+02    .1842476244798054E+01    .1036421648526834E+01
    .1643095954842168E+02    .1973400158636404E+01    .1036412907900831E+01
    .1642294091543990E+02    .2103144602157511E+01    .1036403695375127E+01
    .1641449694491364E+02    .2231632029142935E+01    .1036394037679026E+01
    .1640564782114135E+02    .2358785644673331E+01    .1036383962295607E+01
    .1639641469689170E+02    .2484529451027560E+01    .1036373497394160E+01
    .1638681964284046E+02    .2608788293105348E+01    .1036362671769084E+01
    .1637688559481311E+02    .2731487903346302E+01    .1036351514782270E+01
    .1636663629895960E+02    .2852554946118488E+01    .1036340056306396E+01
    .1635609625499194E+02    .2971917061549979E+01    .1036328326666982E+01
    .1634529065762064E+02    .3089502908777225E+01    .1036316356581860E+01
    .1633424533632973E+02    .3205242208584388E+01    .1036304177096496E+01
    .1632298669363453E+02    .3319065785408118E+01    .1036291819515345E+01
    .1631154164196952E+02    .3430905608682727E+01    .1036279315328239E+01
    .1629993753935748E+02    .3540694833500997E+01    .1036266696132804E+01
    .1628820212401336E+02    .3648367840566353E+01    .1036253993552835E+01
    .1627636344803942E+02    .3753860275412503E+01    .1036241239153811E+01
    .1626444981037003E+02    .3857109086867116E+01    .1036228464355845E+01
    .1625248968912648E+02    .3958052564736553E+01    .1036215700345854E+01
    .1624051167354341E+02    .4056630376689105E+01    .1036202977989088E+01
    .1622854439562970E+02    .4152783604314733E+01    .1036190327741267E+01
    .1621661646172705E+02    .4246454778339721E+01    .1036177779563272E+01
    .1620475638412995E+02    .4337587912975233E+01    .1036165362836769E+01
    .1619299251293046E+02    .4426128539379219E+01    .1036153106285445E+01
    .1618135296825067E+02    .4512023738211685E+01    .1036141037897770E+01
    .1616986557302494E+02    .4595222171263889E+01    .1036129184857693E+01
    .1615855778649242E+02    .4675674112142548E+01    .1036117573476830E+01
    .1614745663855906E+02    .4753331475990747E+01    .1036106229137906E+01
    .1613658866518577E+02    .4828147848227789E+01    .1036095176235822E+01
    .1612597984495734E+02    .4900078512290838E+01    .1036084438132691E+01
    .1611565553698362E+02    .4969080476361825E+01    .1036074037114200E+01
    .1610564042028158E+02    .5035112499063681E+01    .1036063994339731E+01
    .1609595843478278E+02    .5098135114110622E+01    .1036054329781057E+01
    .1608663272410772E+02    .5158110653897872E+01    .1036045062104611E+01
    .1607768558024337E+02    .5215003272016947E+01    .1036036208458448E+01
    .1606913839025638E+02    .5268778964683270E+01    .1036027783978236E+01
    .1606101158516917E+02    .5319405591063894E+01    .1036019800748479E+01
    .1605332459112083E+02    .5366852892493924E+01    .1036012266082896E+01
    .1604609578292959E+02    .5411092510571605E+01    .1036005179737450E+01
    .1603934244016722E+02    .5452098004123771E+01    .1035998529814874E+01
    .1603308070584953E+02    .5489844865036255E+01    .1035992288971930E+01
    .1602732554784033E+02    .5524310532949034E+01    .1035986413959545E+01
    .1602209072305753E+02    .5555474408826454E+01    .1035980851848705E+01
    .1601738874455976E+02    .5583317867436762E+01    .1035975558317531E+01
    .1601323085157466E+02    .5607824268835048E+01    .1035970530264342E+01
    .1600962698249391E+02    .5628978969111681E+01    .1035965840128965E+01
    .1600658575075984E+02    .5646769331208887E+01    .1035961654041594E+01
    .1600411442320415E+02    .5661184738679180E+01    .1035958194734275E+01
    .1600221889864772E+02    .5672216625376413E+01    .1035955668572086E+01
    .1600090367219293E+02    .5679858605824146E+01    .1035954100583568E+01
    .1600017159478634E+02    .5684107811072304E+01    .1035953382937077E+01
   -.4899999999993638E+00    .1116615569236778E-05    .1820549809748199E+01
   -.4899999999858807E+00    .5260582789125187E-05    .1820549809737456E+01
   -.4899999999188210E+00    .1261390832256456E-04    .1820549809618518E+01
   -.4899999997299631E+00    .2300591546276267E-04    .1820549809232522E+01
   -.4899999993316581E+00    .3619323226557361E-04    .1820549808375313E+01
   -.4899999986274663E+00    .5186680961906741E-04    .1820549806822011E+01
   -.4899999975242772E+00    .6965928932541494E-04    .1820549804355179E+01
   -.4899999959447085E+00    .8915363799823099E-04    .1820549800793564E+01
   -.4899999938385430E+00    .1098929282419546E-03    .1820549796018589E+01
   -.4899999911920366E+00    .1313910507729308E-03    .1820549789996041E+01
   -.4899999880341233E+00    .1531441092865265E-03    .1820549782790434E+01
   -.4899999844388218E+00    .1746422318175027E-03    .1820549774570649E+01
   -.4899999805235004E+00    .1953815220612263E-03    .1820549765606016E+01
   -.4899999764430408E+00    .2148758707340424E-03    .1820549756252792E+01
   -.4899999723803258E+00    .2326683504403899E-03    .1820549746932246E+01
   -.4899999685338198E+00    .2483419277938837E-03    .1820549738101940E+01
   -.4899999651032929E+00    .2615292445966947E-03    .1820549730222655E+01
   -.4899999622749147E+00    .2719212517368927E-03    .1820549723724028E+01
   -.4899999602069951E+00    .2792745772703321E-03    .1820549718971466E+01
   -.4899999590173105E+00    .2834185444902206E-03    .1820549716236856E+01
   -.4899995074600259E+00    .9825366910168438E-03    .1820548673972132E+01
   -.4899919902166732E+00    .3962218484693096E-02    .1820531280827295E+01
   -.4899556798563231E+00    .9320272614394935E-02    .1820447239205149E+01
   -.4898516232641013E+00    .1705339855751128E-01    .1820206512367779E+01
   -.4896237713695412E+00    .2715525944819972E-01    .1819680155224213E+01
   -.4891992142388673E+00    .3961742156955762E-01    .1818702264657443E+01
   -.4884884872716362E+00    .5442944926777166E-01    .1817073634308960E+01
   -.4873859473312469E+00    .7157893007551833E-01    .1814567909693835E+01
   -.4857702174822406E+00    .9105148947056424E-01    .1810941091428973E+01
   -.4835046987674712E+00    .1128308043743215E+00    .1805945157782293E+01
   -.4804381472215193E+00    .1368986173992350E+00    .1799346319609552E+01
   -.4764053140860834E+00    .1632347524005733E+00    .1790947929093097E+01
   -.4712276469693539E+00    .1918171315082839E+00    .1780617302884222E+01
   -.4647140494753247E+00    .2226217936958630E+00    .1768314692105307E+01
   -.4566616966213423E+00    .2556229149003840E+00    .1754121400911234E+01
   -.4468569031636430E+00    .2907928296902444E+00    .1738262774371740E+01
   -.4350760417618634E+00    .3281020544689526E+00    .1721120701172824E+01
   -.4210865077351573E+00    .3675193121988169E+00    .1703229761140610E+01
   -.4046477269952390E+00    .4090115586255864E+00    .1685251604744006E+01
   -.3855122035859503E+00    .4525440099830482E+00    .1667923968374823E+01
   -.3634266031153623E+00    .4980801721549349E+00    .1651984129785286E+01
   -.3381328682354525E+00    .5455818712700350E+00    .1638071437207241E+01
   -.3093693622065009E+00    .5950092857050703E+00    .1626618719351386E+01
   -.2768720364789250E+00    .6463209794686436E+00    .1617745136080047E+01
   -.2403756181346705E+00    .6994739369383577E+00    .1611169437537312E+01
   -.1996148129538337E+00    .7544235989220418E+00    .1606188426397953E+01
   -.1543255198101419E+00    .8111239000128906E+00    .1601741035502043E+01
   -.1042460520515053E+00    .8695273072072259E+00    .1596531468611923E+01
   -.4911836148921833E-01    .9295848597525305E+00    .1589202134432959E+01
    .1131073939831612E-01    .9912462101923515E+00    .1578536833005457E+01
    .7728836144422796E-01    .1054459666573685E+01    .1563658998200657E+01
    .1490543333388052E+00    .1119172235781454E+01    .1544184081911469E+01
    .2268400110995376E+00    .1185329667963767E+01    .1520291327769985E+01
    .3108671067809113E+00    .1252876502010707E+01    .1492696852409095E+01
    .4013465406824873E+00    .1321756112048541E+01    .1462532873453936E+01
    .4984773212424088E+00    .1391910754910357E+01    .1431160433394203E+01
    .6024454567177915E+00    .1463281618543359E+01    .1399958047477224E+01
    .7134229026537136E+00    .1535808871312208E+01    .1370131647746120E+01
    .8315665490290771E+00    .1609431712157118E+01    .1342581556396599E+01
    .9570172508408152E+00    .1684088421564615E+01    .1317843951622923E+01
    .1089898905748231E+01    .1759716413308273E+01    .1296103980875003E+01
    .1230317582247084E+01    .1836252286916012E+01    .1277261795294877E+01
    .1378360701678938E+01    .1913631880820007E+01    .1261025239024965E+01
    .1534096277205786E+01    .1991790326144632E+01    .1247004072551911E+01
    .1697572212693619E+01    .2070662101087354E+01    .1234787841166583E+01
    .1868815664252103E+01    .2150181085846985E+01    .1223998948491732E+01
    .2047832466971440E+01    .2230280618053258E+01    .1214320766284983E+01
    .2234606629182601E+01    .2310893548651235E+01    .1205505831397848E+01
    .2429099896343997E+01    .2391952298193723E+01    .1197371111574699E+01
    .2631251386427271E+01    .2473388913494489E+01    .1189786817541418E+01
    .2840977298437787E+01    .2555135124594795E+01    .1182663508535379E+01
    .3058170695462462E+01    .2637122401995483E+01    .1175940293687007E+01
    .3282701363389723E+01    .2719282014106638E+01    .1169575356088334E+01
    .3514415746194196E+01    .2801545084866675E+01    .1163539006135133E+01
    .3753136958423365E+01    .2883842651482531E+01    .1157808945481055E+01
    .3998664875265361E+01    .2966105722242568E+01    .1152367238279758E+01
    .4250776300317662E+01    .3048265334353723E+01    .1147198491396068E+01
    .4509225210915974E+01    .3130252611754411E+01    .1142288832012691E+01
    .4773743080622495E+01    .3211998822854717E+01    .1137625377019230E+01
    .5044039278213472E+01    .3293435438155484E+01    .1133195984164397E+01
    .5319801542248669E+01    .3374494187697971E+01    .1128989149863182E+01
    .5600696530050679E+01    .3455107118295948E+01    .1124993971929411E+01
    .5886370439670988E+01    .3535206650502221E+01    .1121200130308635E+01
    .6176449703173064E+01    .3614725635261852E+01    .1117597859032798E+01
    .6470541749321398E+01    .3693597410204574E+01    .1114177891731607E+01
    .6768235833530001E+01    .3771755855529199E+01    .1110931364136609E+01
    .7069103932695550E+01    .3849135449433194E+01    .1107849652876070E+01
    .7372701702319363E+01    .3925671323040933E+01    .1104924123859151E+01
    .7678569493110018E+01    .4001299314784591E+01    .1102145760634660E+01
    .7986233424054989E+01    .4075956024192088E+01    .1099504650155244E+01
    .8295206508755992E+01    .4149578865036998E+01    .1096989327973150E+01
    .8604989831639575E+01    .4222106117805848E+01    .1094586031973207E+01
    .8915073770482270E+01    .4293476981438848E+01    .1092277980590494E+01
    .9224939261529013E+01    .4363631624300665E+01    .1090044863311659E+01
    .9534059103335206E+01    .4432511234338499E+01    .1087862781072362E+01
    .9841899295326987E+01    .4500058068385440E+01    .1085704869323468E+01
    .1014792040695164E+02    .4566215500567752E+01    .1083542752346537E+01
    .1045157897318104E+02    .4630928069775521E+01    .1081348812516221E+01
    .1075232891203582E+02    .4694141526156854E+01    .1079099043974614E+01
    .1104962295971695E+02    .4755802876596675E+01    .1076776056613202E+01
    .1134291411886509E+02    .4815860429141980E+01    .1074371673231858E+01
    .1163165711541634E+02    .4874263836336316E+01    .1071888572949864E+01
    .1191530985948613E+02    .4930964137427163E+01    .1069340589645904E+01
    .1219333490569159E+02    .4985913799410849E+01    .1066751539242877E+01
    .1246520090831571E+02    .5039066756880562E+01    .1064152751087164E+01
    .1273038406672561E+02    .5090378450644136E+01    .1061579733006398E+01
    .1298836955648074E+02    .5139805865079172E+01    .1059068541937589E+01
    .1323865294160566E+02    .5187307564194271E+01    .1056652435807581E+01
    .1348074156355595E+02    .5232843726366157E+01    .1054359263410584E+01
    .1371415590247414E+02    .5276376177723620E+01    .1052209854177472E+01
    .1393843090641620E+02    .5317868424150389E+01    .1050217457301645E+01
    .1415311728432611E+02    .5357285681880254E+01    .1048388100413214E+01
    .1435778275864837E+02    .5394594906658962E+01    .1046721622751167E+01
    .1455201327359345E+02    .5429764821448822E+01    .1045213094449555E+01
    .1473541415521085E+02    .5462765942653343E+01    .1043854351416424E+01
    .1490761121957768E+02    .5493570604840922E+01    .1042635433293871E+01
    .1506825182557796E+02    .5522152983948633E+01    .1041545787102067E+01
    .1521700586893175E+02    .5548489118949972E+01    .1040575172348352E+01
    .1535356671433742E+02    .5572556931974884E+01    .1039714262453461E+01
    .1547765206282664E+02    .5594336246878642E+01    .1038954977208625E+01
    .1558900475173266E+02    .5613808806273688E+01    .1038290602077241E+01
    .1568739348512810E+02    .5630958287081435E+01    .1037715756176044E+01
    .1577261349349342E+02    .5645770314779649E+01    .1037226266382748E+01
    .1584448712380475E+02    .5658232476901007E+01    .1036818994586068E+01
    .1590286436989205E+02    .5668334337791695E+01    .1036491652510884E+01
    .1594762339432089E+02    .5676067463734811E+01    .1036242626843446E+01
    .1597867138522554E+02    .5681425517864514E+01    .1036070826842964E+01
    .1599595024178626E+02    .5684405199658189E+01    .1035975537316004E+01
 Bmu  1.91475614
   -.2889999999999283E+01   -.2878517588029386E-05    .1436979922916531E+01
   -.2889999999983882E+01   -.1364993471803168E-04    .1436979922875835E+01
   -.2889999999907142E+01   -.3276343934066354E-04    .1436979922797813E+01
   -.2889999999690908E+01   -.5977539136282513E-04    .1436979922674892E+01
   -.2889999999234774E+01   -.9405319390596152E-04    .1436979922497557E+01
   -.2889999998428261E+01   -.1347935353796051E-03    .1436979922255729E+01
   -.2889999997164702E+01   -.1810415413421934E-03    .1436979921940328E+01
   -.2889999995355448E+01   -.2317132165969660E-03    .1436979921544852E+01
   -.2889999992942968E+01   -.2856208694189278E-03    .1436979921066823E+01
   -.2889999989911513E+01   -.3415009555792812E-03    .1436979920508968E+01
   -.2889999986294222E+01   -.3980436970321436E-03    .1436979919879894E+01
   -.2889999982175882E+01   -.4539237831924970E-03    .1436979919194353E+01
   -.2889999977690937E+01   -.5078314360144588E-03    .1436979918472871E+01
   -.2889999973016805E+01   -.5585031112692314E-03    .1436979917740842E+01
   -.2889999968362983E+01   -.6047511172318197E-03    .1436979917027169E+01
   -.2889999963956814E+01   -.6454914587054631E-03    .1436979916362472E+01
   -.2889999960027141E+01   -.6797692612485996E-03    .1436979915777092E+01
   -.2889999956787224E+01   -.7067812132707613E-03    .1436979915298962E+01
   -.2889999954418413E+01   -.7258947178933931E-03    .1436979914951685E+01
   -.2889999953055623E+01   -.7366661350233954E-03    .1436979914752703E+01
   -.2889999435784961E+01   -.2553884462246337E-02    .1436979847425906E+01
   -.2889990824493315E+01   -.1029897360299118E-01    .1436978807804241E+01
   -.2889949229480609E+01   -.2422616775625576E-01    .1436973869536135E+01
   -.2889830028288205E+01   -.4432688787111989E-01    .1436959776518795E+01
   -.2889569014309333E+01   -.7058466252740489E-01    .1436928915700505E+01
   -.2889082666097358E+01   -.1029775699583847E+00    .1436871232611710E+01
   -.2888268498127134E+01   -.1414784847612068E+00    .1436774029197565E+01
   -.2887005491668578E+01   -.1860551432001658E+00    .1436621577561489E+01
   -.2885154604252268E+01   -.2366701815687445E+00    .1436394478548158E+01
   -.2882559355932070E+01   -.2932811712764195E+00    .1436068699872113E+01
   -.2879046490278679E+01   -.3558406558819049E+00    .1435614249518597E+01
   -.2874426707773722E+01   -.4242961915169352E+00    .1434993481746984E+01
   -.2868495469017796E+01   -.4985903911571786E+00    .1434159100383093E+01
   -.2861033864918334E+01   -.5786609728883145E+00    .1433052020933859E+01
   -.2851809550785262E+01   -.6644408122040396E+00    .1431599379750421E+01
   -.2840577741035036E+01   -.7558579983270574E+00    .1429713129192316E+01
   -.2827082260987341E+01   -.8528358945226997E+00    .1427289816895994E+01
   -.2811056652034481E+01   -.9552932023632307E+00    .1424212285296498E+01
   -.2792225326271769E+01   -.1063144029893574E+01    .1420354097485677E+01
   -.2770304766498894E+01   -.1176297963643895E+01    .1415587432002485E+01
   -.2745004767337721E+01   -.1294660144430168E+01    .1409794913975324E+01
   -.2716029713061947E+01   -.1418131346880071E+01    .1402885287855170E+01
   -.2683079887599024E+01   -.1546608062618088E+01    .1394811945611393E+01
   -.2645852812045065E+01   -.1679982587040428E+01    .1385592139179332E+01
   -.2604044604929730E+01   -.1818143109607250E+01    .1375323391118349E+01
   -.2557351360380486E+01   -.1960973807576629E+01    .1364192502541641E+01
   -.2505470539264548E+01   -.2108354943101805E+01    .1352472129340891E+01
   -.2448102368332532E+01   -.2260162963610351E+01    .1340500710688715E+01
   -.2384951242350410E+01   -.2416270605381206E+01    .1328644017685681E+01
   -.2315727124186139E+01   -.2576547000232719E+01    .1317240783551774E+01
   -.2240146937814125E+01   -.2740857785232336E+01    .1306540182594781E+01
   -.2157935949214743E+01   -.2909065215335944E+01    .1296644038510013E+01
   -.2068829130177313E+01   -.3081028278862475E+01    .1287469718987656E+01
   -.1972572500063105E+01   -.3256602815706960E+01    .1278748600852824E+01
   -.1868924440650069E+01   -.3435641638192958E+01    .1270068074591303E+01
   -.1757656979262709E+01   -.3617994654463033E+01    .1260953048078703E+01
   -.1638557035488732E+01   -.3803508994303845E+01    .1250970161700613E+01
   -.1511427626898325E+01   -.3992029137300398E+01    .1239829449528474E+01
   -.1376089029311873E+01   -.4183397043211981E+01    .1227456974921043E+01
   -.1232379887307204E+01   -.4377452284460531E+01    .1214018959554768E+01
   -.1080158270817436E+01   -.4574032180620337E+01    .1199891448246925E+01
   -.9193026738448353E+00   -.4772971934796359E+01    .1185585186141328E+01
   -.7497129515040872E+00   -.4974104771776801E+01    .1171647542194589E+01
   -.5713111918093996E+00   -.5177262077844170E+01    .1158567758625270E+01
   -.3840425188333549E+00   -.5382273542127566E+01    .1146707555302420E+01
   -.1878758240905114E+00   -.5588967299377738E+01    .1136268681472183E+01
    .1719557676516947E-01   -.5797170074045210E+01    .1127296947542060E+01
    .2311533645937769E+00   -.6006707325540678E+01    .1119712972436514E+01
    .4539537171830030E+00   -.6217403394555923E+01    .1113355772315437E+01
    .6855268915669734E+00   -.6429081650322557E+01    .1108026322487265E+01
    .9257768901239913E+00   -.6641564638685175E+01    .1103522471868945E+01
    .1174581212048570E+01   -.6854674230864766E+01    .1099661676152337E+01
    .1431790691509089E+01   -.7068231772787665E+01    .1096292103068218E+01
    .1697229423513650E+01   -.7282058234854881E+01    .1093294949946569E+01
    .1970694778214056E+01   -.7495974362026225E+01    .1090581412097974E+01
    .2251957504082346E+01   -.7709800824093441E+01    .1088087243984192E+01
    .2540761920096985E+01   -.7923358366016341E+01    .1085766915248719E+01
    .2836826196777603E+01   -.8136467958195931E+01    .1083588444326806E+01
    .3139842725609079E+01   -.8348950946558553E+01    .1081529314075952E+01
    .3449478576098853E+01   -.8560629202325185E+01    .1079573472720224E+01
    .3765376039416544E+01   -.8771325271340428E+01    .1077709240944493E+01
    .4087153257273214E+01   -.8980862522835897E+01    .1075927899957921E+01
    .4414404934410096E+01   -.9189065297503371E+01    .1074222756994681E+01
    .4746703132784011E+01   -.9395759054753542E+01    .1072588529558769E+01
    .5083598145260276E+01   -.9600770519036937E+01    .1071020934455258E+01
    .5424619446354192E+01   -.9803927825104306E+01    .1069516402831353E+01
    .5769276717300667E+01   -.1000506066208475E+02    .1068071865950045E+01
    .6117060942478370E+01   -.1020400041626077E+02    .1066684569343545E+01
    .6467445573971498E+01   -.1040058031242058E+02    .1065351877926010E+01
    .6819887760819198E+01   -.1059463555366913E+02    .1064071035504015E+01
    .7173829639280886E+01   -.1078600345958071E+02    .1062838844649111E+01
    .7528699680235762E+01   -.1097452360257726E+02    .1061651244560286E+01
    .7883914089637634E+01   -.1116003794241807E+02    .1060502792696778E+01
    .8238878257762170E+01   -.1134239095868815E+02    .1059386103773899E+01
    .8592988252813718E+01   -.1152142978117415E+02    .1058291361070740E+01
    .8945632354303335E+01   -.1169700431801863E+02    .1057206071416104E+01
    .9296192621469125E+01   -.1186896738154516E+02    .1056115258543443E+01
    .9644046491885092E+01   -.1203717481164877E+02    .1055002252173364E+01
    .9988568405295680E+01   -.1220148559664839E+02    .1053850120312199E+01
    .1032913144762038E+02   -.1236176199149990E+02    .1052643626179669E+01
    .1066510900999673E+02   -.1251786963327076E+02    .1051371414864273E+01
    .1099587645767082E+02   -.1266967765377930E+02    .1050028010065245E+01
    .1132081280350235E+02   -.1281705878930448E+02    .1048615181037642E+01
    .1163930238082625E+02   -.1295988948727386E+02    .1047142343934979E+01
    .1195073651040548E+02   -.1309805000984068E+02    .1045625865716313E+01
    .1225451515621949E+02   -.1323142453426302E+02    .1044087382102554E+01
    .1255004856485980E+02   -.1335990125000104E+02    .1042551450659897E+01
    .1283675888334886E+02   -.1348337245245094E+02    .1041042978003018E+01
    .1311408175025992E+02   -.1360173463323721E+02    .1039584862697988E+01
    .1338146785509390E+02   -.1371488856698754E+02    .1038196197027099E+01
    .1363838446096510E+02   -.1382273939451788E+02    .1036891212778854E+01
    .1388431688575895E+02   -.1392519670235841E+02    .1035678988812105E+01
    .1411876993705315E+02   -.1402217459855405E+02    .1034563802971834E+01
    .1434126929623738E+02   -.1411359178467707E+02    .1033545931016720E+01
    .1455136284742662E+02   -.1419937162399279E+02    .1032622673494785E+01
    .1474862194693857E+02   -.1427944220572393E+02    .1031789415983090E+01
    .1493264262929731E+02   -.1435373640536417E+02    .1031040579752518E+01
    .1510304674593619E+02   -.1442219194099921E+02    .1030370379817880E+01
    .1525948303300666E+02   -.1448475142560469E+02    .1029773361275473E+01
    .1540162810497051E+02   -.1454136241531237E+02    .1029244724969379E+01
    .1552918737099766E+02   -.1459197745368094E+02    .1028780477802512E+01
    .1564189587171402E+02   -.1463655411211990E+02    .1028377453267339E+01
    .1573951903487975E+02   -.1467505502692272E+02    .1028033247610555E+01
    .1582185335136029E+02   -.1470744793435370E+02    .1027746110341798E+01
    .1588872698267419E+02   -.1473370570900999E+02    .1027514818223172E+01
    .1594000035883095E+02   -.1475380642912485E+02    .1027338552392701E+01
    .1597556715987016E+02   -.1476773362327812E+02    .1027216789608883E+01
    .1599536082881859E+02   -.1477547871241886E+02    .1027149196821110E+01
    .1600101205904595E+02   -.1477470571004675E+02    .1027134896158824E+01
    .1600532982170930E+02   -.1476366074764811E+02    .1027140729121581E+01
    .1601308697365694E+02   -.1474379694212048E+02    .1027148958737593E+01
    .1602426670012245E+02   -.1471512175072796E+02    .1027157289945692E+01
    .1603884248917535E+02   -.1467765177124427E+02    .1027164493942394E+01
    .1605677954981103E+02   -.1463140926965952E+02    .1027170517829561E+01
    .1607803502255259E+02   -.1457642184131366E+02    .1027175910909710E+01
    .1610255810566876E+02   -.1451272233372046E+02    .1027181261587299E+01
    .1613029018293112E+02   -.1444034881080525E+02    .1027186958522693E+01
    .1616116496583380E+02   -.1435934452478936E+02    .1027193193421170E+01
    .1619510865286764E+02   -.1426975788825167E+02    .1027200038860012E+01
    .1623204010629236E+02   -.1417164244428109E+02    .1027207512067594E+01
    .1627187104625820E+02   -.1406505683403839E+02    .1027215608280094E+01
    .1631450626191670E+02   -.1395006476148315E+02    .1027224313988638E+01
    .1635984383905896E+02   -.1382673495517670E+02    .1027233611127885E+01
    .1640777540375704E+02   -.1369514112713403E+02    .1027243478138610E+01
    .1645818638143537E+02   -.1355536192872559E+02    .1027253890171293E+01
    .1651095627075778E+02   -.1340748090364264E+02    .1027264819107838E+01
    .1656595893167804E+02   -.1325158643794800E+02    .1027276233578877E+01
    .1662306288696684E+02   -.1308777170723823E+02    .1027288099020892E+01
    .1668213163649524E+02   -.1291613462094676E+02    .1027300377781481E+01
    .1674302398352385E+02   -.1273677776381992E+02    .1027313029273182E+01
    .1680559437221811E+02   -.1254980833460015E+02    .1027326010175335E+01
    .1686969323558303E+02   -.1235533808195252E+02    .1027339274682797E+01
    .1693516735298590E+02   -.1215348323767244E+02    .1027352774799472E+01
    .1700186021641237E+02   -.1194436444721445E+02    .1027366460673876E+01
    .1706961240458049E+02   -.1172810669758330E+02    .1027380280973528E+01
    .1713826196401839E+02   -.1150483924263047E+02    .1027394183294381E+01
    .1720764479619498E+02   -.1127469552580057E+02    .1027408114600890E+01
    .1727759504977786E+02   -.1103781310037384E+02    .1027422021691625E+01
    .1734794551708126E+02   -.1079433354725244E+02    .1027435851684716E+01
    .1741852803375602E+02   -.1054440239033939E+02    .1027449552516702E+01
    .1748917388076636E+02   -.1028816900956111E+02    .1027463073447689E+01
    .1755971418769262E+02   -.1002578655158515E+02    .1027476365565012E+01
    .1762998033639574E+02   -.9757411838286693E+01    .1027489382276927E+01
    .1769980436407879E+02   -.9483205273018518E+01    .1027502079787237E+01
    .1776901936478187E+02   -.9203330744740297E+01    .1027514417541236E+01
    .1783745988835083E+02   -.8917955530064683E+01    .1027526358632971E+01
    .1790496233592607E+02   -.8627250193278634E+01    .1027537870163609E+01
    .1797136535100596E+02   -.8331388484399778E+01    .1027548923540764E+01
    .1803651020515027E+02   -.8030547235328692E+01    .1027559494708962E+01
    .1810024117740142E+02   -.7724906254159238E+01    .1027569564302148E+01
    .1816240592651680E+02   -.7414648217710030E+01    .1027579117710279E+01
    .1822285585512223E+02   -.7099958562341365E+01    .1027588145053688E+01
    .1828144646491616E+02   -.6781025373122782E+01    .1027596641061044E+01
    .1833803770207555E+02   -.6458039271417554E+01    .1027604604849483E+01
    .1839249429203772E+02   -.6131193300951281E+01    .1027612039608712E+01
    .1844468606285797E+02   -.5800682812432658E+01    .1027618952194671E+01
    .1849448825637001E+02   -.5466705346795419E+01    .1027625352642428E+01
    .1854178182640540E+02   -.5129460517131204E+01    .1027631253612355E+01
    .1858645372335910E+02   -.4789149889383936E+01    .1027636669787951E+01
    .1862839716442104E+02   -.4445976861877027E+01    .1027641617247824E+01
    .1866751188882759E+02   -.4100146543745351E+01    .1027646112838089E+01
    .1870370439752289E+02   -.3751865632344763E+01    .1027650173574890E+01
    .1873688817665715E+02   -.3401342289712304E+01    .1027653816110195E+01
    .1876698390438759E+02   -.3048786018151013E+01    .1027657056298669E+01
    .1879391964048784E+02   -.2694407535013691E+01    .1027659908911569E+01
    .1881763099831237E+02   -.2338418646760440E+01    .1027662387561044E+01
    .1883806129870509E+02   -.1981032122365253E+01    .1027664504939861E+01
    .1885516170548405E+02   -.1622461566147338E+01    .1027666273596635E+01
    .1886889134217845E+02   -.1262921290103168E+01    .1027667707858325E+01
    .1887921738973901E+02   -.9026261858155532E+00    .1027668829256376E+01
    .1888611516498790E+02   -.5417915960163133E+00    .1027669689322102E+01
    .1888956817962095E+02   -.1806331858792976E+00    .1027670616499190E+01
    .1888956817962095E+02    .1806331858792976E+00    .1027670616499190E+01
    .1888611516498790E+02    .5417915960163133E+00    .1027669689322102E+01
    .1887921738973901E+02    .9026261858155532E+00    .1027668829256376E+01
    .1886889134217845E+02    .1262921290103168E+01    .1027667707858325E+01
    .1885516170548405E+02    .1622461566147336E+01    .1027666273596635E+01
    .1883806129870509E+02    .1981032122365251E+01    .1027664504939861E+01
    .1881763099831237E+02    .2338418646760440E+01    .1027662387561044E+01
    .1879391964048784E+02    .2694407535013689E+01    .1027659908911569E+01
    .1876698390438759E+02    .3048786018151013E+01    .1027657056298669E+01
    .1873688817665715E+02    .3401342289712305E+01    .1027653816110195E+01
    .1870370439752289E+02    .3751865632344763E+01    .1027650173574890E+01
    .1866751188882759E+02    .4100146543745354E+01    .1027646112838089E+01
    .1862839716442104E+02    .4445976861877026E+01    .1027641617247824E+01
    .1858645372335910E+02    .4789149889383936E+01    .1027636669787951E+01
    .1854178182640540E+02    .5129460517131204E+01    .1027631253612355E+01
    .1849448825637001E+02    .5466705346795421E+01    .1027625352642428E+01
    .1844468606285797E+02    .5800682812432658E+01    .1027618952194671E+01
    .1839249429203772E+02    .6131193300951280E+01    .1027612039608712E+01
    .1833803770207555E+02    .6458039271417555E+01    .1027604604849483E+01
    .1828144646491616E+02    .6781025373122782E+01    .1027596641061044E+01
    .1822285585512223E+02    .7099958562341363E+01    .1027588145053688E+01
    .1816240592651680E+02    .7414648217710029E+01    .1027579117710279E+01
    .1810024117740142E+02    .7724906254159237E+01    .1027569564302148E+01
    .1803651020515027E+02    .8030547235328694E+01    .1027559494708962E+01
    .1797136535100596E+02    .8331388484399779E+01    .1027548923540764E+01
    .1790496233592607E+02    .8627250193278636E+01    .1027537870163609E+01
    .1783745988835083E+02    .8917955530064681E+01    .1027526358632971E+01
    .1776901936478187E+02    .9203330744740299E+01    .1027514417541236E+01
    .1769980436407879E+02    .9483205273018518E+01    .1027502079787237E+01
    .1762998033639574E+02    .9757411838286696E+01    .1027489382276927E+01
    .1755971418769262E+02    .1002578655158515E+02    .1027476365565012E+01
    .1748917388076636E+02    .1028816900956111E+02    .1027463073447689E+01
    .1741852803375602E+02    .1054440239033939E+02    .1027449552516702E+01
    .1734794551708126E+02    .1079433354725244E+02    .1027435851684716E+01
    .1727759504977786E+02    .1103781310037384E+02    .1027422021691625E+01
    .1720764479619498E+02    .1127469552580057E+02    .1027408114600890E+01
    .1713826196401839E+02    .1150483924263047E+02    .1027394183294381E+01
    .1706961240458049E+02    .1172810669758330E+02    .1027380280973528E+01
    .1700186021641237E+02    .1194436444721445E+02    .1027366460673876E+01
    .1693516735298590E+02    .1215348323767244E+02    .1027352774799472E+01
    .1686969323558302E+02    .1235533808195253E+02    .1027339274682797E+01
    .1680559437221811E+02    .1254980833460015E+02    .1027326010175335E+01
    .1674302398352385E+02    .1273677776381992E+02    .1027313029273182E+01
    .1668213163649524E+02    .1291613462094676E+02    .1027300377781481E+01
    .1662306288696684E+02    .1308777170723823E+02    .1027288099020892E+01
    .1656595893167804E+02    .1325158643794800E+02    .1027276233578877E+01
    .1651095627075778E+02    .1340748090364264E+02    .1027264819107838E+01
    .1645818638143537E+02    .1355536192872559E+02    .1027253890171293E+01
    .1640777540375704E+02    .1369514112713403E+02    .1027243478138610E+01
    .1635984383905896E+02    .1382673495517669E+02    .1027233611127885E+01
    .1631450626191670E+02    .1395006476148315E+02    .1027224313988638E+01
    .1627187104625820E+02    .1406505683403839E+02    .1027215608280094E+01
    .1623204010629236E+02    .1417164244428109E+02    .1027207512067594E+01
    .1619510865286764E+02    .1426975788825168E+02    .1027200038860012E+01
    .1616116496583380E+02    .1435934452478936E+02    .1027193193421170E+01
    .1613029018293112E+02    .1444034881080525E+02    .1027186958522693E+01
    .1610255810566876E+02    .1451272233372046E+02    .1027181261587299E+01
    .1607803502255259E+02    .1457642184131366E+02    .1027175910909710E+01
    .1605677954981103E+02    .1463140926965952E+02    .1027170517829561E+01
    .1603884248917535E+02    .1467765177124427E+02    .1027164493942394E+01
    .1602426670012245E+02    .1471512175072796E+02    .1027157289945692E+01
    .1601308697365694E+02    .1474379694212048E+02    .1027148958737593E+01
    .1600532982170929E+02    .1476366074764811E+02    .1027140729121581E+01
    .1600101205904595E+02    .1477470571004675E+02    .1027134896158824E+01
   -.2889999999999283E+01    .2878517588029386E-05    .1436979922916531E+01
   -.2889999999983882E+01    .1364993471803168E-04    .1436979922875835E+01
   -.2889999999907142E+01    .3276343934066354E-04    .1436979922797813E+01
   -.2889999999690908E+01    .5977539136282513E-04    .1436979922674892E+01
   -.2889999999234774E+01    .9405319390596152E-04    .1436979922497557E+01
   -.2889999998428261E+01    .1347935353796051E-03    .1436979922255729E+01
   -.2889999997164702E+01    .1810415413421934E-03    .1436979921940328E+01
   -.2889999995355448E+01    .2317132165969660E-03    .1436979921544852E+01
   -.2889999992942968E+01    .2856208694189278E-03    .1436979921066823E+01
   -.2889999989911513E+01    .3415009555792812E-03    .1436979920508968E+01
   -.2889999986294222E+01    .3980436970321436E-03    .1436979919879894E+01
   -.2889999982175882E+01    .4539237831924970E-03    .1436979919194353E+01
   -.2889999977690937E+01    .5078314360144588E-03    .1436979918472871E+01
   -.2889999973016805E+01    .5585031112692314E-03    .1436979917740842E+01
   -.2889999968362983E+01    .6047511172318197E-03    .1436979917027169E+01
   -.2889999963956814E+01    .6454914587054631E-03    .1436979916362472E+01
   -.2889999960027141E+01    .6797692612485996E-03    .1436979915777092E+01
   -.2889999956787224E+01    .7067812132707613E-03    .1436979915298962E+01
   -.2889999954418413E+01    .7258947178933931E-03    .1436979914951685E+01
   -.2889999953055623E+01    .7366661350233954E-03    .1436979914752703E+01
   -.2889999435784961E+01    .2553884462246337E-02    .1436979847425906E+01
   -.2889990824493315E+01    .1029897360299118E-01    .1436978807804241E+01
   -.2889949229480609E+01    .2422616775625576E-01    .1436973869536135E+01
   -.2889830028288205E+01    .4432688787111989E-01    .1436959776518795E+01
   -.2889569014309333E+01    .7058466252740489E-01    .1436928915700505E+01
   -.2889082666097358E+01    .1029775699583847E+00    .1436871232611710E+01
   -.2888268498127134E+01    .1414784847612068E+00    .1436774029197565E+01
   -.2887005491668578E+01    .1860551432001658E+00    .1436621577561489E+01
   -.2885154604252268E+01    .2366701815687445E+00    .1436394478548158E+01
   -.2882559355932070E+01    .2932811712764195E+00    .1436068699872113E+01
   -.2879046490278679E+01    .3558406558819049E+00    .1435614249518597E+01
   -.2874426707773722E+01    .4242961915169352E+00    .1434993481746984E+01
   -.2868495469017796E+01    .4985903911571786E+00    .1434159100383093E+01
   -.2861033864918334E+01    .5786609728883145E+00    .1433052020933859E+01
   -.2851809550785262E+01    .6644408122040396E+00    .1431599379750421E+01
   -.2840577741035036E+01    .7558579983270574E+00    .1429713129192316E+01
   -.2827082260987341E+01    .8528358945226997E+00    .1427289816895994E+01
   -.2811056652034481E+01    .9552932023632307E+00    .1424212285296498E+01
   -.2792225326271769E+01    .1063144029893574E+01    .1420354097485677E+01
   -.2770304766498894E+01    .1176297963643895E+01    .1415587432002485E+01
   -.2745004767337721E+01    .1294660144430168E+01    .1409794913975324E+01
   -.2716029713061947E+01    .1418131346880071E+01    .1402885287855170E+01
   -.2683079887599024E+01    .1546608062618088E+01    .1394811945611393E+01
   -.2645852812045065E+01    .1679982587040428E+01    .1385592139179332E+01
   -.2604044604929730E+01    .1818143109607250E+01    .1375323391118349E+01
   -.2557351360380486E+01    .1960973807576629E+01    .1364192502541641E+01
   -.2505470539264548E+01    .2108354943101805E+01    .1352472129340891E+01
   -.2448102368332532E+01    .2260162963610351E+01    .1340500710688715E+01
   -.2384951242350410E+01    .2416270605381206E+01    .1328644017685681E+01
   -.2315727124186139E+01    .2576547000232719E+01    .1317240783551774E+01
   -.2240146937814125E+01    .2740857785232336E+01    .1306540182594781E+01
   -.2157935949214743E+01    .2909065215335944E+01    .1296644038510013E+01
   -.2068829130177313E+01    .3081028278862475E+01    .1287469718987656E+01
   -.1972572500063105E+01    .3256602815706960E+01    .1278748600852824E+01
   -.1868924440650069E+01    .3435641638192958E+01    .1270068074591303E+01
   -.1757656979262709E+01    .3617994654463033E+01    .1260953048078703E+01
   -.1638557035488732E+01    .3803508994303845E+01    .1250970161700613E+01
   -.1511427626898325E+01    .3992029137300398E+01    .1239829449528474E+01
   -.1376089029311873E+01    .4183397043211981E+01    .1227456974921043E+01
   -.1232379887307204E+01    .4377452284460531E+01    .1214018959554768E+01
   -.1080158270817436E+01    .4574032180620337E+01    .1199891448246925E+01
   -.9193026738448353E+00    .4772971934796359E+01    .1185585186141328E+01
   -.7497129515040872E+00    .4974104771776801E+01    .1171647542194589E+01
   -.5713111918093996E+00    .5177262077844170E+01    .1158567758625270E+01
   -.3840425188333549E+00    .5382273542127566E+01    .1146707555302420E+01
   -.1878758240905114E+00    .5588967299377738E+01    .1136268681472183E+01
    .1719557676516947E-01    .5797170074045210E+01    .1127296947542060E+01
    .2311533645937769E+00    .6006707325540678E+01    .1119712972436514E+01
    .4539537171830030E+00    .6217403394555923E+01    .1113355772315437E+01
    .6855268915669734E+00    .6429081650322557E+01    .1108026322487265E+01
    .9257768901239913E+00    .6641564638685175E+01    .1103522471868945E+01
    .1174581212048570E+01    .6854674230864766E+01    .1099661676152337E+01
    .1431790691509089E+01    .7068231772787665E+01    .1096292103068218E+01
    .1697229423513650E+01    .7282058234854881E+01    .1093294949946569E+01
    .1970694778214056E+01    .7495974362026225E+01    .1090581412097974E+01
    .2251957504082346E+01    .7709800824093441E+01    .1088087243984192E+01
    .2540761920096985E+01    .7923358366016341E+01    .1085766915248719E+01
    .2836826196777603E+01    .8136467958195931E+01    .1083588444326806E+01
    .3139842725609079E+01    .8348950946558553E+01    .1081529314075952E+01
    .3449478576098853E+01    .8560629202325185E+01    .1079573472720224E+01
    .3765376039416544E+01    .8771325271340428E+01    .1077709240944493E+01
    .4087153257273214E+01    .8980862522835897E+01    .1075927899957921E+01
    .4414404934410096E+01    .9189065297503371E+01    .1074222756994681E+01
    .4746703132784011E+01    .9395759054753542E+01    .1072588529558769E+01
    .5083598145260276E+01    .9600770519036937E+01    .1071020934455258E+01
    .5424619446354192E+01    .9803927825104306E+01    .1069516402831353E+01
    .5769276717300667E+01    .1000506066208475E+02    .1068071865950045E+01
    .6117060942478370E+01    .1020400041626077E+02    .1066684569343545E+01
    .6467445573971498E+01    .1040058031242058E+02    .1065351877926010E+01
    .6819887760819198E+01    .1059463555366913E+02    .1064071035504015E+01
    .7173829639280886E+01    .1078600345958071E+02    .1062838844649111E+01
    .7528699680235762E+01    .1097452360257726E+02    .1061651244560286E+01
    .7883914089637634E+01    .1116003794241807E+02    .1060502792696778E+01
    .8238878257762170E+01    .1134239095868815E+02    .1059386103773899E+01
    .8592988252813718E+01    .1152142978117415E+02    .1058291361070740E+01
    .8945632354303335E+01    .1169700431801863E+02    .1057206071416104E+01
    .9296192621469125E+01    .1186896738154516E+02    .1056115258543443E+01
    .9644046491885092E+01    .1203717481164877E+02    .1055002252173364E+01
    .9988568405295680E+01    .1220148559664839E+02    .1053850120312199E+01
    .1032913144762038E+02    .1236176199149990E+02    .1052643626179669E+01
    .1066510900999673E+02    .1251786963327076E+02    .1051371414864273E+01
    .1099587645767082E+02    .1266967765377930E+02    .1050028010065245E+01
    .1132081280350235E+02    .1281705878930448E+02    .1048615181037642E+01
    .1163930238082625E+02    .1295988948727386E+02    .1047142343934979E+01
    .1195073651040548E+02    .1309805000984068E+02    .1045625865716313E+01
    .1225451515621949E+02    .1323142453426302E+02    .1044087382102554E+01
    .1255004856485980E+02    .1335990125000104E+02    .1042551450659897E+01
    .1283675888334886E+02    .1348337245245094E+02    .1041042978003018E+01
    .1311408175025992E+02    .1360173463323721E+02    .1039584862697988E+01
    .1338146785509390E+02    .1371488856698754E+02    .1038196197027099E+01
    .1363838446096510E+02    .1382273939451788E+02    .1036891212778854E+01
    .1388431688575895E+02    .1392519670235841E+02    .1035678988812105E+01
    .1411876993705315E+02    .1402217459855405E+02    .1034563802971834E+01
    .1434126929623738E+02    .1411359178467707E+02    .1033545931016720E+01
    .1455136284742662E+02    .1419937162399279E+02    .1032622673494785E+01
    .1474862194693857E+02    .1427944220572393E+02    .1031789415983090E+01
    .1493264262929731E+02    .1435373640536417E+02    .1031040579752518E+01
    .1510304674593619E+02    .1442219194099921E+02    .1030370379817880E+01
    .1525948303300666E+02    .1448475142560469E+02    .1029773361275473E+01
    .1540162810497051E+02    .1454136241531237E+02    .1029244724969379E+01
    .1552918737099766E+02    .1459197745368094E+02    .1028780477802512E+01
    .1564189587171402E+02    .1463655411211990E+02    .1028377453267339E+01
    .1573951903487975E+02    .1467505502692272E+02    .1028033247610555E+01
    .1582185335136029E+02    .1470744793435370E+02    .1027746110341798E+01
    .1588872698267419E+02    .1473370570900999E+02    .1027514818223172E+01
    .1594000035883095E+02    .1475380642912485E+02    .1027338552392701E+01
    .1597556715987016E+02    .1476773362327812E+02    .1027216789608883E+01
    .1599536082881859E+02    .1477547871241886E+02    .1027149196821110E+01
