   -.3422499669803862E+01   -.2126119734770123E-02    .1437141328236596E+01
   -.3422491094320195E+01   -.1104168268577826E-01    .1437138097652045E+01
   -.3422446472236752E+01   -.2707018800949558E-01    .1437121365225993E+01
   -.3422315951267815E+01   -.5019588771629140E-01    .1437072482033268E+01
   -.3422027920393823E+01   -.8039135406602296E-01    .1436964654959988E+01
   -.3421489442153167E+01   -.1176203082938749E+00    .1436763097784146E+01
   -.3420586814120414E+01   -.1618379272344263E+00    .1436425219642341E+01
   -.3419186256886420E+01   -.2129909463449541E+00    .1435900846521354E+01
   -.3417134725074991E+01   -.2710177369165635E+00    .1435132475296154E+01
   -.3414260837291160E+01   -.3358483846678808E+00    .1434055569116483E+01
   -.3410375920289140E+01   -.4074047756736279E+00    .1432598920000382E+01
   -.3405275162065983E+01   -.4856006912234512E+00    .1430685131831431E+01
   -.3398738868031109E+01   -.5703419120616379E+00    .1428231316621351E+01
   -.3390533813874679E+01   -.6615263320954424E+00    .1425150149627558E+01
   -.3380414688261759E+01   -.7590440815239397E+00    .1421351493122198E+01
   -.3368125618016694E+01   -.8627776592792997E+00    .1416744869248450E+01
   -.3353401768035455E+01   -.9726020746403086E+00    .1411243129806306E+01
   -.3335971007774936E+01   -.1088384997857435E+01    .1404767719658272E+01
   -.3315555635819192E+01   -.1209986919613294E+01    .1397255938965668E+01
   -.3291874153715160E+01   -.1337261319129311E+01    .1388670548905193E+01
   -.3264643080006007E+01   -.1470054840717777E+01    .1379011899593579E+01
   -.3233578795170147E+01   -.1608207478567581E+01    .1368332442667207E+01
   -.3198399407999350E+01   -.1751552769541615E+01    .1356752968178850E+01
   -.3158826633821044E+01   -.1899917993753918E+01    .1344479107391095E+01
   -.3114587674888505E+01   -.2053124382685171E+01    .1331815501149666E+01
   -.3065417093228681E+01   -.2210987334585921E+01    .1319173544006933E+01
   -.3011058666250921E+01   -.2373316636908125E+01    .1307066948723090E+01
   -.2951267215481029E+01   -.2539916695497064E+01    .1296087250788033E+01
   -.2885810398893399E+01   -.2710586770267532E+01    .1286840838504251E+01
   -.2814470457469154E+01   -.2885121217080366E+01    .1279764863166310E+01
   -.2737045906809353E+01   -.3063309735527892E+01    .1274664572894051E+01
   -.2653353164878661E+01   -.3244937622329763E+01    .1270437520078709E+01
   -.2563228107245039E+01   -.3429786030033859E+01    .1265810774674915E+01
   -.2466527541513813E+01   -.3617632230710566E+01    .1259866994453545E+01
   -.2363130593028211E+01   -.3808249884322692E+01    .1252139624408495E+01
   -.2252939994321391E+01   -.4001409311447675E+01    .1242541979308479E+01
   -.2135883271255129E+01   -.4196877770023483E+01    .1231267365500661E+01
   -.2011913819265577E+01   -.4394419735784720E+01    .1218691633369111E+01
   -.1881011863654429E+01   -.4593797186051086E+01    .1205286961196895E+01
   -.1743185298412090E+01   -.4794769886526203E+01    .1191550436032818E+01
   -.1598470398635282E+01   -.4997095680761276E+01    .1177949086451590E+01
   -.1446932402202251E+01   -.5200530781934781E+01    .1164881758862546E+01
   -.1288665956991457E+01   -.5404830066596633E+01    .1152657055265139E+01
   -.1123795430571330E+01   -.5609747370022869E+01    .1141485449809746E+01
   -.9524750799463022E+00   -.5815035782824997E+01    .1131482827485600E+01
   -.7748890796146619E+00   -.6020447948456600E+01    .1122682186148781E+01
   -.5912514068736994E+00   -.6225736361258727E+01    .1115050170925346E+01
   -.4018055839937076E+00   -.6430653664684963E+01    .1108505428944623E+01
   -.2068242775715126E+00   -.6634952949346815E+01    .1102936373260317E+01
   -.6608756062883803E-02   -.6838388050520322E+01    .1098216686793635E+01
    .1985117928217881E+00   -.7040713844755395E+01    .1094217643845451E+01
    .4081810824961725E+00   -.7241686545230511E+01    .1090816972636426E+01
    .6220166826208855E+00   -.7441063995496876E+01    .1087904465441920E+01
    .8396111052861945E+00   -.7638605961258115E+01    .1085384844699689E+01
    .1060533017932519E+01   -.7834074419833922E+01    .1083178529854026E+01
    .1284328578068859E+01   -.8027233846958907E+01    .1081220957448435E+01
    .1510522884254020E+01   -.8217851500571031E+01    .1079461030433732E+01
    .1738621537236047E+01   -.8405697701247737E+01    .1077859153372261E+01
    .1968112304603907E+01   -.8590546108951834E+01    .1076385180816990E+01
    .2198466881795289E+01   -.8772173995753706E+01    .1075016488168799E+01
    .2429142741827506E+01   -.8950362514201231E+01    .1073736278980898E+01
    .2659585065677408E+01   -.9124896961014066E+01    .1072532173228688E+01
    .2889228744833020E+01   -.9295567035784535E+01    .1071395075589394E+01
    .3117500447176340E+01   -.9462167094373472E+01    .1070318296751546E+01
    .3343820737034918E+01   -.9624496396695676E+01    .1069296888926824E+01
    .3567606239961421E+01   -.9782359348596424E+01    .1068327154202605E+01
    .3788271842566390E+01   -.9935565737527677E+01    .1067406287249950E+01
    .4005232917541139E+01   -.1008393096173998E+02    .1066532119379167E+01
    .4217907563866181E+01   -.1022727625271401E+02    .1065702937186364E+01
    .4425718852106288E+01   -.1036542889056382E+02    .1064917355002833E+01
    .4628097064646934E+01   -.1049822241215229E+02    .1064174225529638E+01
    .4824481920728508E+01   -.1062549681166830E+02    .1063472577242758E+01
    .5014324776184604E+01   -.1074709873342416E+02    .1062811570416767E+01
    .5197090787888514E+01   -.1086288165664129E+02    .1062190466059447E+01
    .5372261033057421E+01   -.1097270607200230E+02    .1061608603829604E+01
    .5539334573756286E+01   -.1107643964975766E+02    .1061065386275554E+01
    .5697830457182396E+01   -.1117395739918615E+02    .1060560267609987E+01
    .5847289642595935E+01   -.1126514181921996E+02    .1060092745829475E+01
    .5987276846092004E+01   -.1134988304005815E+02    .1059662357369874E+01
    .6117382294785224E+01   -.1142807895560797E+02    .1059268673723620E+01
    .6237223382402306E+01   -.1149963534661372E+02    .1058911299586333E+01
    .6346446218760060E+01   -.1156446599436503E+02    .1058589872191832E+01
    .6444727066172704E+01   -.1162249278493664E+02    .1058304061543353E+01
    .6531773656563046E+01   -.1167364580404717E+02    .1058053571229198E+01
    .6607326384206977E+01   -.1171786342298772E+02    .1057838139450352E+01
    .6671159371575723E+01   -.1175509237721557E+02    .1057657539915426E+01
    .6723081413855966E+01   -.1178528784356531E+02    .1057511582413664E+01
    .6762936845064423E+01   -.1180841354327210E+02    .1057400112907164E+01
    .6790606629700574E+01   -.1182444204859582E+02    .1057323012284185E+01
    .6806013686103230E+01   -.1183335761154683E+02    .1057280182722478E+01
    .6833075282204750E+01   -.1184900103862697E+02    .1057205129978847E+01
    .6932875389867559E+01   -.1190651456503064E+02    .1056930249962141E+01
    .7111156757402441E+01   -.1200857031493922E+02    .1056446506787747E+01
    .7365705658460906E+01   -.1215279949083049E+02    .1055771401381856E+01
    .7693099915877865E+01   -.1233582436841446E+02    .1054928617107874E+01
    .8088583952958817E+01   -.1255335569941385E+02    .1053946446156954E+01
    .8545911349390778E+01   -.1280029497211528E+02    .1052856212584215E+01
    .9057210048437252E+01   -.1307085423999158E+02    .1051690691462943E+01
    .9612901648314104E+01   -.1335869187328685E+02    .1050482580192604E+01
    .1020170171420713E+02   -.1365706123100778E+02    .1049263101001773E+01
    .1081072207456856E+02   -.1395896880864928E+02    .1048060831744857E+01
    .1142568784442927E+02   -.1425733816637021E+02    .1046900882386240E+01
    .1203127202652842E+02   -.1454517579966547E+02    .1045804562969862E+01
    .1261153985329343E+02   -.1481573506754177E+02    .1044789691900631E+01
    .1315048453471301E+02   -.1506267434024321E+02    .1043871581812621E+01
    .1363262676080894E+02   -.1528020567124260E+02    .1043064454851068E+01
    .1404364309760140E+02   -.1546323054882657E+02    .1042382695667111E+01
    .1437098422634692E+02   -.1560745972471784E+02    .1041841234003359E+01
    .1460444495599172E+02   -.1570951547462641E+02    .1041454656444631E+01
    .1473668214165988E+02   -.1576702900103009E+02    .1041235202511546E+01
    .1480629546771798E+02   -.1579722158966757E+02    .1041119470152714E+01
    .1496936645406385E+02   -.1586772358456417E+02    .1040847660738602E+01
    .1525959570064319E+02   -.1599243227723054E+02    .1040360722438648E+01
    .1567153877646533E+02   -.1616778868150528E+02    .1039659837521222E+01
    .1619701653081941E+02   -.1638875167018275E+02    .1038742693400075E+01
    .1682498349987137E+02   -.1664896540669237E+02    .1037601466369989E+01
    .1754138562584424E+02   -.1694094431304842E+02    .1036224863481349E+01
    .1832910728227596E+02   -.1725628881580156E+02    .1034607301600620E+01
    .1916806477533267E+02   -.1758592709453511E+02    .1032765545011729E+01
    .2003548974000800E+02   -.1792037609930968E+02    .1030756475181827E+01
    .2090642803497332E+02   -.1825001437804323E+02    .1028683098251002E+01
    .2175445766053795E+02   -.1856535888079637E+02    .1026677896502010E+01
    .2255260507076455E+02   -.1885733778715242E+02    .1024867065434896E+01
    .2327441572387677E+02   -.1911755152366204E+02    .1023335773892963E+01
    .2389511457589231E+02   -.1933851451233951E+02    .1022116226918335E+01
    .2439277817021792E+02   -.1951387091661425E+02    .1021202974857972E+01
    .2474943638203450E+02   -.1963857960928062E+02    .1020579011976926E+01
    .2495207251133067E+02   -.1970908160417722E+02    .1020233365174088E+01
    .2500119853705355E+02   -.1972226567416588E+02    .1020152690149344E+01
    .2500631187363324E+02   -.1970752211939991E+02    .1020153990002579E+01
    .2501549832779962E+02   -.1968100658280621E+02    .1020155781074166E+01
    .2502873798656370E+02   -.1964272901883983E+02    .1020157366138921E+01
    .2504599945301130E+02   -.1959271158331958E+02    .1020158103123896E+01
    .2506724152568452E+02   -.1953098399837877E+02    .1020157575538418E+01
    .2509241344798832E+02   -.1945758310012340E+02    .1020155640665876E+01
    .2512145505766481E+02   -.1937255273561249E+02    .1020152366995158E+01
    .2515429693809057E+02   -.1927594371512023E+02    .1020147929388079E+01
    .2519086058670110E+02   -.1916781377460538E+02    .1020142520422689E+01
    .2523105860361229E+02   -.1904822753841730E+02    .1020136300988663E+01
    .2527479490096387E+02   -.1891725647945328E+02    .1020129385807110E+01
    .2532196493280924E+02   -.1877497887585809E+02    .1020121849257751E+01
    .2537245594512454E+02   -.1862147976393905E+02    .1020113738099225E+01
    .2542614724539076E+02   -.1845685088717804E+02    .1020105083211123E+01
    .2548291049112750E+02   -.1828119064130437E+02    .1020095907645333E+01
    .2554260999669985E+02   -.1809460401542941E+02    .1020086231196672E+01
    .2560510305767076E+02   -.1789720252926169E+02    .1020076072641799E+01
    .2567024029192667E+02   -.1768910416643129E+02    .1020065450707637E+01
    .2573786599676263E+02   -.1747043330395833E+02    .1020054384451123E+01
    .2580781852107438E+02   -.1724132063790513E+02    .1020042893402958E+01
    .2587993065176830E+02   -.1700190310525447E+02    .1020030997630785E+01
    .2595403001346591E+02   -.1675232380205983E+02    .1020018717781855E+01
    .2602993948054772E+02   -.1649273189791580E+02    .1020006075125282E+01
    .2610747760055165E+02   -.1622328254679932E+02    .1019993091599471E+01
    .2618645902791397E+02   -.1594413679433481E+02    .1019979789865358E+01
    .2626669496701616E+02   -.1565546148153839E+02    .1019966193364675E+01
    .2634799362347853E+02   -.1535742914509866E+02    .1019952326381944E+01
    .2643016066262191E+02   -.1505021791425344E+02    .1019938214108694E+01
    .2651299967400164E+02   -.1473401140432412E+02    .1019923882708245E+01
    .2659631264090334E+02   -.1440899860697126E+02    .1019909359379274E+01
    .2667990041367819E+02   -.1407537377723683E+02    .1019894672416267E+01
    .2676356318578646E+02   -.1373333631744076E+02    .1019879851264841E+01
    .2684710097141107E+02   -.1338309065800107E+02    .1019864926569816E+01
    .2693031408349981E+02   -.1302484613524885E+02    .1019849930213843E+01
    .2701300361109331E+02   -.1265881686631105E+02    .1019834895344273E+01
    .2709497189479790E+02   -.1228522162113595E+02    .1019819856385951E+01
    .2717602299926668E+02   -.1190428369173764E+02    .1019804849037535E+01
    .2725596318155950E+02   -.1151623075873785E+02    .1019789910248992E+01
    .2733460135426225E+02   -.1112129475528475E+02    .1019775078177917E+01
    .2741174954225841E+02   -.1071971172843007E+02    .1019760392122452E+01
    .2748722333206103E+02   -.1031172169804741E+02    .1019745892428720E+01
    .2756084231263106E+02   -.9897568513376168E+01    .1019731620370923E+01
    .2763243050662831E+02   -.9477499707276550E+01    .1019717618002580E+01
    .2770181679106421E+02   -.9051766348283101E+01    .1019703927977863E+01
    .2776883530635072E+02   -.8620622890544915E+01    .1019690593342540E+01
    .2783332585276785E+02   -.8184327021742394E+01    .1019677657294912E+01
    .2789513427340187E+02   -.7743139509071321E+01    .1019665162918076E+01
    .2795411282263888E+02   -.7297324043386394E+01    .1019653152886204E+01
    .2801012051933304E+02   -.6847147081597324E+01    .1019641669149069E+01
    .2806302348380503E+02   -.6392877687411704E+01    .1019630752600950E+01
    .2811269525786540E+02   -.5934787370519855E+01    .1019620442742197E+01
    .2815901710709773E+02   -.5473149924317712E+01    .1019610777344071E+01
    .2820187830467894E+02   -.5008241262264822E+01    .1019601792129990E+01
    .2824117639605852E+02   -.4540339252975178E+01    .1019593520488852E+01
    .2827681744386386E+02   -.4069723554139498E+01    .1019585993239001E+01
    .2830871625244624E+02   -.3596675445378215E+01    .1019579238465580E+01
    .2833679657153083E+02   -.3121477660125042E+01    .1019573281462762E+01
    .2836099127848380E+02   -.2644414216641651E+01    .1019568144836020E+01
    .2838124253876095E+02   -.2165770248264378E+01    .1019563848893072E+01
    .2839750194415424E+02   -.1685831832984524E+01    .1019560412713057E+01
    .2840973062850581E+02   -.1204885822464009E+01    .1019557857426970E+01
    .2841789936061284E+02   -.7232196705886366E+00    .1019556220620239E+01
    .2842198861410128E+02   -.2411212616614096E+00    .1019555714387546E+01
    .2842198861410128E+02    .2411212616614072E+00    .1019555714387546E+01
    .2841789936061284E+02    .7232196705886366E+00    .1019556220620239E+01
    .2840973062850581E+02    .1204885822464009E+01    .1019557857426970E+01
    .2839750194415424E+02    .1685831832984521E+01    .1019560412713057E+01
    .2838124253876095E+02    .2165770248264378E+01    .1019563848893072E+01
    .2836099127848380E+02    .2644414216641651E+01    .1019568144836020E+01
    .2833679657153083E+02    .3121477660125042E+01    .1019573281462762E+01
    .2830871625244624E+02    .3596675445378211E+01    .1019579238465580E+01
    .2827681744386386E+02    .4069723554139498E+01    .1019585993239001E+01
    .2824117639605852E+02    .4540339252975181E+01    .1019593520488852E+01
    .2820187830467894E+02    .5008241262264820E+01    .1019601792129990E+01
    .2815901710709773E+02    .5473149924317712E+01    .1019610777344071E+01
    .2811269525786540E+02    .5934787370519852E+01    .1019620442742197E+01
    .2806302348380503E+02    .6392877687411701E+01    .1019630752600950E+01
    .2801012051933304E+02    .6847147081597324E+01    .1019641669149069E+01
    .2795411282263888E+02    .7297324043386396E+01    .1019653152886204E+01
    .2789513427340187E+02    .7743139509071321E+01    .1019665162918076E+01
    .2783332585276785E+02    .8184327021742394E+01    .1019677657294912E+01
    .2776883530635072E+02    .8620622890544915E+01    .1019690593342540E+01
    .2770181679106421E+02    .9051766348283101E+01    .1019703927977863E+01
    .2763243050662831E+02    .9477499707276552E+01    .1019717618002580E+01
    .2756084231263106E+02    .9897568513376166E+01    .1019731620370923E+01
    .2748722333206103E+02    .1031172169804741E+02    .1019745892428720E+01
    .2741174954225841E+02    .1071971172843007E+02    .1019760392122452E+01
    .2733460135426225E+02    .1112129475528475E+02    .1019775078177917E+01
    .2725596318155950E+02    .1151623075873785E+02    .1019789910248992E+01
    .2717602299926669E+02    .1190428369173764E+02    .1019804849037535E+01
    .2709497189479790E+02    .1228522162113595E+02    .1019819856385951E+01
    .2701300361109331E+02    .1265881686631105E+02    .1019834895344273E+01
    .2693031408349981E+02    .1302484613524885E+02    .1019849930213843E+01
    .2684710097141107E+02    .1338309065800106E+02    .1019864926569816E+01
    .2676356318578646E+02    .1373333631744076E+02    .1019879851264841E+01
    .2667990041367819E+02    .1407537377723683E+02    .1019894672416267E+01
    .2659631264090334E+02    .1440899860697127E+02    .1019909359379274E+01
    .2651299967400164E+02    .1473401140432412E+02    .1019923882708245E+01
    .2643016066262191E+02    .1505021791425344E+02    .1019938214108694E+01
    .2634799362347853E+02    .1535742914509865E+02    .1019952326381944E+01
    .2626669496701616E+02    .1565546148153839E+02    .1019966193364675E+01
    .2618645902791397E+02    .1594413679433481E+02    .1019979789865358E+01
    .2610747760055165E+02    .1622328254679932E+02    .1019993091599471E+01
    .2602993948054772E+02    .1649273189791581E+02    .1020006075125282E+01
    .2595403001346591E+02    .1675232380205984E+02    .1020018717781855E+01
    .2587993065176830E+02    .1700190310525447E+02    .1020030997630785E+01
    .2580781852107438E+02    .1724132063790513E+02    .1020042893402958E+01
    .2573786599676263E+02    .1747043330395833E+02    .1020054384451123E+01
    .2567024029192667E+02    .1768910416643129E+02    .1020065450707637E+01
    .2560510305767076E+02    .1789720252926169E+02    .1020076072641799E+01
    .2554260999669985E+02    .1809460401542941E+02    .1020086231196672E+01
    .2548291049112750E+02    .1828119064130437E+02    .1020095907645333E+01
    .2542614724539076E+02    .1845685088717805E+02    .1020105083211123E+01
    .2537245594512454E+02    .1862147976393905E+02    .1020113738099225E+01
    .2532196493280924E+02    .1877497887585809E+02    .1020121849257751E+01
    .2527479490096387E+02    .1891725647945328E+02    .1020129385807110E+01
    .2523105860361229E+02    .1904822753841730E+02    .1020136300988663E+01
    .2519086058670110E+02    .1916781377460539E+02    .1020142520422689E+01
    .2515429693809057E+02    .1927594371512022E+02    .1020147929388079E+01
    .2512145505766482E+02    .1937255273561249E+02    .1020152366995158E+01
    .2509241344798832E+02    .1945758310012340E+02    .1020155640665876E+01
    .2506724152568452E+02    .1953098399837877E+02    .1020157575538418E+01
    .2504599945301130E+02    .1959271158331958E+02    .1020158103123896E+01
    .2502873798656370E+02    .1964272901883984E+02    .1020157366138921E+01
    .2501549832779962E+02    .1968100658280622E+02    .1020155781074166E+01
    .2500631187363324E+02    .1970752211939991E+02    .1020153990002579E+01
    .2500119853705355E+02    .1972226567416588E+02    .1020152690149344E+01
   -.3422499669803862E+01    .2126119734770123E-02    .1437141328236596E+01
   -.3422491094320195E+01    .1104168268577826E-01    .1437138097652045E+01
   -.3422446472236752E+01    .2707018800949558E-01    .1437121365225993E+01
   -.3422315951267815E+01    .5019588771629140E-01    .1437072482033268E+01
   -.3422027920393823E+01    .8039135406602296E-01    .1436964654959988E+01
   -.3421489442153167E+01    .1176203082938749E+00    .1436763097784146E+01
   -.3420586814120414E+01    .1618379272344263E+00    .1436425219642341E+01
   -.3419186256886420E+01    .2129909463449541E+00    .1435900846521354E+01
   -.3417134725074991E+01    .2710177369165635E+00    .1435132475296154E+01
   -.3414260837291160E+01    .3358483846678808E+00    .1434055569116483E+01
   -.3410375920289140E+01    .4074047756736279E+00    .1432598920000382E+01
   -.3405275162065983E+01    .4856006912234512E+00    .1430685131831431E+01
   -.3398738868031109E+01    .5703419120616379E+00    .1428231316621351E+01
   -.3390533813874679E+01    .6615263320954424E+00    .1425150149627558E+01
   -.3380414688261759E+01    .7590440815239397E+00    .1421351493122198E+01
   -.3368125618016694E+01    .8627776592792997E+00    .1416744869248450E+01
   -.3353401768035455E+01    .9726020746403086E+00    .1411243129806306E+01
   -.3335971007774936E+01    .1088384997857435E+01    .1404767719658272E+01
   -.3315555635819192E+01    .1209986919613294E+01    .1397255938965668E+01
   -.3291874153715160E+01    .1337261319129311E+01    .1388670548905193E+01
   -.3264643080006007E+01    .1470054840717777E+01    .1379011899593579E+01
   -.3233578795170147E+01    .1608207478567581E+01    .1368332442667207E+01
   -.3198399407999350E+01    .1751552769541615E+01    .1356752968178850E+01
   -.3158826633821044E+01    .1899917993753918E+01    .1344479107391095E+01
   -.3114587674888505E+01    .2053124382685171E+01    .1331815501149666E+01
   -.3065417093228681E+01    .2210987334585921E+01    .1319173544006933E+01
   -.3011058666250921E+01    .2373316636908125E+01    .1307066948723090E+01
   -.2951267215481029E+01    .2539916695497064E+01    .1296087250788033E+01
   -.2885810398893399E+01    .2710586770267532E+01    .1286840838504251E+01
   -.2814470457469154E+01    .2885121217080366E+01    .1279764863166310E+01
   -.2737045906809353E+01    .3063309735527892E+01    .1274664572894051E+01
   -.2653353164878661E+01    .3244937622329763E+01    .1270437520078709E+01
   -.2563228107245039E+01    .3429786030033859E+01    .1265810774674915E+01
   -.2466527541513813E+01    .3617632230710566E+01    .1259866994453545E+01
   -.2363130593028211E+01    .3808249884322692E+01    .1252139624408495E+01
   -.2252939994321391E+01    .4001409311447675E+01    .1242541979308479E+01
   -.2135883271255129E+01    .4196877770023483E+01    .1231267365500661E+01
   -.2011913819265577E+01    .4394419735784720E+01    .1218691633369111E+01
   -.1881011863654429E+01    .4593797186051086E+01    .1205286961196895E+01
   -.1743185298412090E+01    .4794769886526203E+01    .1191550436032818E+01
   -.1598470398635282E+01    .4997095680761276E+01    .1177949086451590E+01
   -.1446932402202251E+01    .5200530781934781E+01    .1164881758862546E+01
   -.1288665956991457E+01    .5404830066596633E+01    .1152657055265139E+01
   -.1123795430571330E+01    .5609747370022869E+01    .1141485449809746E+01
   -.9524750799463022E+00    .5815035782824997E+01    .1131482827485600E+01
   -.7748890796146619E+00    .6020447948456600E+01    .1122682186148781E+01
   -.5912514068736994E+00    .6225736361258727E+01    .1115050170925346E+01
   -.4018055839937076E+00    .6430653664684963E+01    .1108505428944623E+01
   -.2068242775715126E+00    .6634952949346815E+01    .1102936373260317E+01
   -.6608756062883803E-02    .6838388050520322E+01    .1098216686793635E+01
    .1985117928217881E+00    .7040713844755395E+01    .1094217643845451E+01
    .4081810824961725E+00    .7241686545230511E+01    .1090816972636426E+01
    .6220166826208855E+00    .7441063995496876E+01    .1087904465441920E+01
    .8396111052861945E+00    .7638605961258115E+01    .1085384844699689E+01
    .1060533017932519E+01    .7834074419833922E+01    .1083178529854026E+01
    .1284328578068859E+01    .8027233846958907E+01    .1081220957448435E+01
    .1510522884254020E+01    .8217851500571031E+01    .1079461030433732E+01
    .1738621537236047E+01    .8405697701247737E+01    .1077859153372261E+01
    .1968112304603907E+01    .8590546108951834E+01    .1076385180816990E+01
    .2198466881795289E+01    .8772173995753706E+01    .1075016488168799E+01
    .2429142741827506E+01    .8950362514201231E+01    .1073736278980898E+01
    .2659585065677408E+01    .9124896961014066E+01    .1072532173228688E+01
    .2889228744833020E+01    .9295567035784535E+01    .1071395075589394E+01
    .3117500447176340E+01    .9462167094373472E+01    .1070318296751546E+01
    .3343820737034918E+01    .9624496396695676E+01    .1069296888926824E+01
    .3567606239961421E+01    .9782359348596424E+01    .1068327154202605E+01
    .3788271842566390E+01    .9935565737527677E+01    .1067406287249950E+01
    .4005232917541139E+01    .1008393096173998E+02    .1066532119379167E+01
    .4217907563866181E+01    .1022727625271401E+02    .1065702937186364E+01
    .4425718852106288E+01    .1036542889056382E+02    .1064917355002833E+01
    .4628097064646934E+01    .1049822241215229E+02    .1064174225529638E+01
    .4824481920728508E+01    .1062549681166830E+02    .1063472577242758E+01
    .5014324776184604E+01    .1074709873342416E+02    .1062811570416767E+01
    .5197090787888514E+01    .1086288165664129E+02    .1062190466059447E+01
    .5372261033057421E+01    .1097270607200230E+02    .1061608603829604E+01
    .5539334573756286E+01    .1107643964975766E+02    .1061065386275554E+01
    .5697830457182396E+01    .1117395739918615E+02    .1060560267609987E+01
    .5847289642595935E+01    .1126514181921996E+02    .1060092745829475E+01
    .5987276846092004E+01    .1134988304005815E+02    .1059662357369874E+01
    .6117382294785224E+01    .1142807895560797E+02    .1059268673723620E+01
    .6237223382402306E+01    .1149963534661372E+02    .1058911299586333E+01
    .6346446218760060E+01    .1156446599436503E+02    .1058589872191832E+01
    .6444727066172704E+01    .1162249278493664E+02    .1058304061543353E+01
    .6531773656563046E+01    .1167364580404717E+02    .1058053571229198E+01
    .6607326384206977E+01    .1171786342298772E+02    .1057838139450352E+01
    .6671159371575723E+01    .1175509237721557E+02    .1057657539915426E+01
    .6723081413855966E+01    .1178528784356531E+02    .1057511582413664E+01
    .6762936845064423E+01    .1180841354327210E+02    .1057400112907164E+01
    .6790606629700574E+01    .1182444204859582E+02    .1057323012284185E+01
    .6806013686103230E+01    .1183335761154683E+02    .1057280182722478E+01
    .6833075282204750E+01    .1184900103862697E+02    .1057205129978847E+01
    .6932875389867559E+01    .1190651456503064E+02    .1056930249962141E+01
    .7111156757402441E+01    .1200857031493922E+02    .1056446506787747E+01
    .7365705658460906E+01    .1215279949083049E+02    .1055771401381856E+01
    .7693099915877865E+01    .1233582436841446E+02    .1054928617107874E+01
    .8088583952958817E+01    .1255335569941385E+02    .1053946446156954E+01
    .8545911349390778E+01    .1280029497211528E+02    .1052856212584215E+01
    .9057210048437252E+01    .1307085423999158E+02    .1051690691462943E+01
    .9612901648314104E+01    .1335869187328685E+02    .1050482580192604E+01
    .1020170171420713E+02    .1365706123100778E+02    .1049263101001773E+01
    .1081072207456856E+02    .1395896880864928E+02    .1048060831744857E+01
    .1142568784442927E+02    .1425733816637021E+02    .1046900882386240E+01
    .1203127202652842E+02    .1454517579966547E+02    .1045804562969862E+01
    .1261153985329343E+02    .1481573506754177E+02    .1044789691900631E+01
    .1315048453471301E+02    .1506267434024321E+02    .1043871581812621E+01
    .1363262676080894E+02    .1528020567124260E+02    .1043064454851068E+01
    .1404364309760140E+02    .1546323054882657E+02    .1042382695667111E+01
    .1437098422634692E+02    .1560745972471784E+02    .1041841234003359E+01
    .1460444495599172E+02    .1570951547462641E+02    .1041454656444631E+01
    .1473668214165988E+02    .1576702900103009E+02    .1041235202511546E+01
    .1480629546771798E+02    .1579722158966757E+02    .1041119470152714E+01
    .1496936645406385E+02    .1586772358456417E+02    .1040847660738602E+01
    .1525959570064319E+02    .1599243227723054E+02    .1040360722438648E+01
    .1567153877646533E+02    .1616778868150528E+02    .1039659837521222E+01
    .1619701653081941E+02    .1638875167018275E+02    .1038742693400075E+01
    .1682498349987137E+02    .1664896540669237E+02    .1037601466369989E+01
    .1754138562584424E+02    .1694094431304842E+02    .1036224863481349E+01
    .1832910728227596E+02    .1725628881580156E+02    .1034607301600620E+01
    .1916806477533267E+02    .1758592709453511E+02    .1032765545011729E+01
    .2003548974000800E+02    .1792037609930968E+02    .1030756475181827E+01
    .2090642803497332E+02    .1825001437804323E+02    .1028683098251002E+01
    .2175445766053795E+02    .1856535888079637E+02    .1026677896502010E+01
    .2255260507076455E+02    .1885733778715242E+02    .1024867065434896E+01
    .2327441572387677E+02    .1911755152366204E+02    .1023335773892963E+01
    .2389511457589231E+02    .1933851451233951E+02    .1022116226918335E+01
    .2439277817021792E+02    .1951387091661425E+02    .1021202974857972E+01
    .2474943638203450E+02    .1963857960928062E+02    .1020579011976926E+01
    .2495207251133067E+02    .1970908160417722E+02    .1020233365174088E+01
 Bmu  4.69357417
   -.2499999942409214E+02   -.7588859324282470E-02    .8511738465806085E+00
   -.2499998435920665E+02   -.3954844288746747E-01    .8511752327830397E+00
   -.2499990589881927E+02   -.9700576309273554E-01    .8511824538445586E+00
   -.2499967634418309E+02   -.1799043681833867E+00    .8512035795354560E+00
   -.2499916971918387E+02   -.2881459380468425E+00    .8512501931491865E+00
   -.2499822253082199E+02   -.4216004243370755E+00    .8513373035501721E+00
   -.2499663475694950E+02   -.5801071496286990E+00    .8514832146950744E+00
   -.2499417105654526E+02   -.7634751767242008E+00    .8517093394623809E+00
   -.2499056219643235E+02   -.9714835854323782E+00    .8520399454376562E+00
   -.2498550668721657E+02   -.1203881754302842E+01    .8525018178535354E+00
   -.2497867262015689E+02   -.1460389668653838E+01    .8531238220039343E+00
   -.2496969969565501E+02   -.1740698260612324E+01    .8539363479424378E+00
   -.2495820143307293E+02   -.2044469782781667E+01    .8549706225196912E+00
   -.2494376755066043E+02   -.2371338215851434E+01    .8562578764852271E+00
   -.2492596650350153E+02   -.2720909709976929E+01    .8578283587748609E+00
   -.2490434816657539E+02   -.3092763059540874E+01    .8597101997849675E+00
   -.2487844664927648E+02   -.3486450210794874E+01    .8619281409683415E+00
   -.2484778322705509E+02   -.3901496801804493E+01    .8645021681232415E+00
   -.2481186937522512E+02   -.4337402734066550E+01    .8674461104261175E+00
   -.2477020988944536E+02   -.4793642775120422E+01    .8707662946136073E+00
   -.2472230607691530E+02   -.5269667191433502E+01    .8744603684334729E+00
   -.2466765900193931E+02   -.5764902410801898E+01    .8785164240568036E+00
   -.2460577276920591E+02   -.6278751713470518E+01    .8829125542225809E+00
   -.2453615782790299E+02   -.6810595951141187E+01    .8876169551240818E+00
   -.2445833427964674E+02   -.7359794293003440E+01    .8925886484441762E+00
   -.2437183517314228E+02   -.7925684997889616E+01    .8977788331190599E+00
   -.2427620976851779E+02   -.8507586211624341E+01    .9031328034461109E+00
   -.2417102675438155E+02   -.9104796788607889E+01    .9085922962350627E+00
   -.2405587740084168E+02   -.9716597136643681E+01    .9140980698253364E+00
   -.2393037863200164E+02   -.1034225008399215E+02    .9195924842286030E+00
   -.2379417600179829E+02   -.1098100176760624E+02    .9250218517011185E+00
   -.2364694655748232E+02   -.1163208254147848E+02    .9303383610317635E+00
   -.2348840157555194E+02   -.1229470790400511E+02    .9355014399851983E+00
   -.2331828915553560E+02   -.1296807944324989E+02    .9404784966038621E+00
   -.2313639665767716E+02   -.1365138579896869E+02    .9452450571698797E+00
   -.2294255297130359E+02   -.1434380364023578E+02    .9497843834873201E+00
   -.2273663060144671E+02   -.1504449865749367E+02    .9540866956989756E+00
   -.2251854756214452E+02   -.1575262656783142E+02    .9581481455004168E+00
   -.2228826906575847E+02   -.1646733413227997E+02    .9619696801270193E+00
   -.2204580899860785E+02   -.1718776018389874E+02    .9655559156018486E+00
   -.2179123117423499E+02   -.1791303666541497E+02    .9689141060575087E+00
   -.2152465035667232E+02   -.1864228967516512E+02    .9720532619179938E+00
   -.2124623304717732E+02   -.1937464052007851E+02    .9749834391198952E+00
   -.2095619802903055E+02   -.2010920677443408E+02    .9777151978017958E+00
   -.2065481666614867E+02   -.2084510334311474E+02    .9802592131598679E+00
   -.2034241295244375E+02   -.2158144352807811E+02    .9826260128943192E+00
   -.2001936331005604E+02   -.2231734009675876E+02    .9848258132928370E+00
   -.1968609613579455E+02   -.2305190635111433E+02    .9868684276141022E+00
   -.1934309109633204E+02   -.2378425719602772E+02    .9887632242822473E+00
   -.1899087817391224E+02   -.2451351020577788E+02    .9905191171022671E+00
   -.1863003646553266E+02   -.2523878668729411E+02    .9921445743313464E+00
   -.1826119273975863E+02   -.2595921273891289E+02    .9936476374730334E+00
   -.1788501975649923E+02   -.2667392030336142E+02    .9950359438875551E+00
   -.1750223435622654E+02   -.2738204821369917E+02    .9963167497178073E+00
   -.1711359532624135E+02   -.2808274323095707E+02    .9974969513093298E+00
   -.1671990105267555E+02   -.2877516107222416E+02    .9985831043894885E+00
   -.1632198696796824E+02   -.2945846742794296E+02    .9995814409061672E+00
   -.1592072280455467E+02   -.3013183896718773E+02    .1000497883735632E+01
   -.1551700966645950E+02   -.3079446432971437E+02    .1001338059559916E+01
   -.1511177693138300E+02   -.3144554510358661E+02    .1002107310175296E+01
   -.1470597899670823E+02   -.3208429678720070E+02    .1002810702399120E+01
   -.1430059188363267E+02   -.3270994973454917E+02    .1003453036651602E+01
   -.1389660971433749E+02   -.3332175008258496E+02    .1004038854244340E+01
   -.1349504107774644E+02   -.3391896065956850E+02    .1004572443429835E+01
   -.1309690529999252E+02   -.3450086187330323E+02    .1005057844354581E+01
   -.1270322863620047E+02   -.3506675257818940E+02    .1005498853189839E+01
   -.1231504040060472E+02   -.3561595092005166E+02    .1005899025851715E+01
   -.1193336905235346E+02   -.3614779515772234E+02    .1006261681825098E+01
   -.1155923825459886E+02   -.3666164446039095E+02    .1006589908641667E+01
   -.1119366292463887E+02   -.3715687967975934E+02    .1006886567514990E+01
   -.1083764529295815E+02   -.3763290409607243E+02    .1007154300510154E+01
   -.1049217098901217E+02   -.3808914413712630E+02    .1007395539442988E+01
   -.1015820517151120E+02   -.3852505006938836E+02    .1007612516495814E+01
   -.9836688720788628E+01   -.3894009666039797E+02    .1007807276333915E+01
   -.9528534510582254E+01   -.3933378381165197E+02    .1007981689332334E+01
   -.9234623776218701E+01   -.3970563716121591E+02    .1008137465387270E+01
   -.8955802595770624E+01   -.4005520865534141E+02    .1008276167693314E+01
   -.8692878500256175E+01   -.4038207708841117E+02    .1008399225825301E+01
   -.8446617228369231E+01   -.4068584861058052E+02    .1008507947492341E+01
   -.8217739640568620E+01   -.4096615720253900E+02    .1008603528441664E+01
   -.8006918806607409E+01   -.4122266511688999E+02    .1008687060139487E+01
   -.7814777279735946E+01   -.4145506328576047E+02    .1008759534983152E+01
   -.7641884569815666E+01   -.4166307169446863E+02    .1008821848964300E+01
   -.7488754826294986E+01   -.4184643972156415E+02    .1008874802101331E+01
   -.7355844739967790E+01   -.4200494644685577E+02    .1008919097541269E+01
   -.7243551667974398E+01   -.4213840093314601E+02    .1008955340449831E+01
   -.7152211972229146E+01   -.4224664250300946E+02    .1008984037359170E+01
   -.7082099495776628E+01   -.4232954110810012E+02    .1009005596172294E+01
   -.7033423642388378E+01   -.4238699842830538E+02    .1009020327073879E+01
   -.7006320011873321E+01   -.4241895801186856E+02    .1009028446356210E+01
   -.6958714065396585E+01   -.4247503494360353E+02    .1009042564608746E+01
   -.6783148715252700E+01   -.4268120345626081E+02    .1009093085761366E+01
   -.6469521489706903E+01   -.4304704230291914E+02    .1009177522225338E+01
   -.6021726707065771E+01   -.4356406006438591E+02    .1009286012843044E+01
   -.5445784555264137E+01   -.4422014862563881E+02    .1009406489198616E+01
   -.4750060898282044E+01   -.4499993233519130E+02    .1009526210142728E+01
   -.3945544247506035E+01   -.4588513457808963E+02    .1009633055578953E+01
   -.3046082885643138E+01   -.4685500732510546E+02    .1009716700802950E+01
   -.2068526847333214E+01   -.4788681776091076E+02    .1009769669600176E+01
   -.1032727370604515E+01   -.4895638122798240E+02    .1009788098671779E+01
    .3864305946478552E-01   -.5003862813813423E+02    .1009772002395884E+01
    .1120472491544362E+01   -.5110819160520587E+02    .1009724927008757E+01
    .2185798128366496E+01   -.5214000204101118E+02    .1009653084465344E+01
    .3206587999999066E+01   -.5310987478802701E+02    .1009564241660715E+01
    .4154683435755597E+01   -.5399507703092532E+02    .1009466696686394E+01
    .5002853691387383E+01   -.5477486074047782E+02    .1009368570260555E+01
    .5725901404910413E+01   -.5543094930173072E+02    .1009277437765623E+01
    .6301750185046313E+01   -.5594796706319749E+02    .1009200132270597E+01
    .6712447360529126E+01   -.5631380590985582E+02    .1009142483221274E+01
    .6945075087215351E+01   -.5651997442251310E+02    .1009108907311753E+01
    .7067536781572855E+01   -.5662820567665274E+02    .1009090965186505E+01
    .7354406414959278E+01   -.5688093390140432E+02    .1009048218371946E+01
    .7864969082931175E+01   -.5732797666317133E+02    .1008969676376970E+01
    .8589647107095267E+01   -.5795657607821158E+02    .1008852788329617E+01
    .9514051972092538E+01   -.5874866123759123E+02    .1008694133638741E+01
    .1061875282986911E+02   -.5968144839886940E+02    .1008488768424119E+01
    .1187902620290970E+02   -.6072810403998275E+02    .1008228683194061E+01
    .1326476279208683E+02   -.6185851824291205E+02    .1007901531902747E+01
    .1474063196092183E+02   -.6304017128856951E+02    .1007492354703529E+01
    .1626658027743317E+02   -.6423906932500904E+02    .1006991184077356E+01
    .1779870915499824E+02   -.6542072237066650E+02    .1006405468287127E+01
    .1929053779237400E+02   -.6655113657359580E+02    .1005768835982735E+01
    .2069461512302992E+02   -.6759779221470914E+02    .1005135567401736E+01
    .2196440309608498E+02   -.6853057937598732E+02    .1004560901174656E+01
    .2305631818283025E+02   -.6932266453536697E+02    .1004081861148459E+01
    .2393179328259539E+02   -.6995126395040721E+02    .1003713184434450E+01
    .2455921587941354E+02   -.7039830671217422E+02    .1003456877061294E+01
    .2491568737658711E+02   -.7065103493692581E+02    .1003313161672433E+01
    .2500875483603764E+02   -.7069829582664970E+02    .1003281695034205E+01
    .2504610572412887E+02   -.7064544468806341E+02    .1003292140193989E+01
    .2511320911467946E+02   -.7055039459183845E+02    .1003312216121841E+01
    .2520991955123233E+02   -.7041318122165434E+02    .1003344894141805E+01
    .2533600769182835E+02   -.7023388399935128E+02    .1003386081880346E+01
    .2549117257621999E+02   -.7001260946969485E+02    .1003431184322041E+01
    .2567504344768681E+02   -.6974948967886891E+02    .1003492822843042E+01
    .2588718084488544E+02   -.6944468180518155E+02    .1003553732698044E+01
    .2612707770701660E+02   -.6909836798793935E+02    .1003628806045721E+01
    .2639416060409862E+02   -.6871075519291196E+02    .1003708707384698E+01
    .2668779111477200E+02   -.6828207507864418E+02    .1003790413370475E+01
    .2700726735547024E+02   -.6781258385363262E+02    .1003877372402030E+01
    .2735182565967306E+02   -.6730256212110642E+02    .1003968881736051E+01
    .2772064240412371E+02   -.6675231471024252E+02    .1004063787992073E+01
    .2811283597801868E+02   -.6616217049338893E+02    .1004159966413348E+01
    .2852746889063185E+02   -.6553248218916808E+02    .1004249612353555E+01
    .2896355001241673E+02   -.6486362615146223E+02    .1004340998593017E+01
    .2942003694427146E+02   -.6415600214434897E+02    .1004423216166325E+01
    .2989583850932559E+02   -.6341003310308932E+02    .1004501503155449E+01
    .3038981736130485E+02   -.6262616488129409E+02    .1004568429606994E+01
    .3090079270324605E+02   -.6180486598440929E+02    .1004624379026300E+01
    .3142754311006796E+02   -.6094662728967378E+02    .1004659545501003E+01
    .3196880944825357E+02   -.6005196175271286E+02    .1004671721824798E+01
    .3252329788566635E+02   -.5912140410094072E+02    .1004648764266290E+01
    .3308968298430713E+02   -.5815551051395366E+02    .1004562775106965E+01
    .3366661086861921E+02   -.5715485829110383E+02    .1004463463615818E+01
    .3425270246176893E+02   -.5612004550645175E+02    .1004360449907777E+01
    .3484655678216605E+02   -.5505169065130326E+02    .1004253801467851E+01
    .3544675429234412E+02   -.5395043226454425E+02    .1004143600295275E+01
    .3605186029219608E+02   -.5281692855099382E+02    .1004029944172812E+01
    .3666042834845388E+02   -.5165185698800408E+02    .1003912948251183E+01
    .3727100375221471E+02   -.5045591392054116E+02    .1003792746782297E+01
    .3788212699624881E+02   -.4922981414498982E+02    .1003669494934949E+01
    .3849233726377700E+02   -.4797429048193002E+02    .1003543370646770E+01
    .3910017592037845E+02   -.4669009333814094E+02    .1003414576468983E+01
    .3970419000068163E+02   -.4537799025809402E+02    .1003283341358203E+01
    .4030293568150406E+02   -.4403876546520337E+02    .1003149922365333E+01
    .4089498173313868E+02   -.4267321939310726E+02    .1003014606167166E+01
    .4147891294053694E+02   -.4128216820726129E+02    .1002877710382135E+01
    .4205333348621078E+02   -.3986644331712882E+02    .1002739584608346E+01
    .4261687028676708E+02   -.3842689087926039E+02    .1002600611120010E+01
    .4316817627509882E+02   -.3696437129155909E+02    .1002461205157917E+01
    .4370593362038755E+02   -.3547975867903403E+02    .1002321814751058E+01
    .4422885687821997E+02   -.3397394037134944E+02    .1002182920010096E+01
    .4473569606328859E+02   -.3244781637248159E+02    .1002045031839304E+01
    .4522523963733176E+02   -.3090229882280037E+02    .1001908690021963E+01
    .4569631740517060E+02   -.2933831145389732E+02    .1001774460644990E+01
    .4614780331192018E+02   -.2775678903648558E+02    .1001642932841730E+01
    .4657861813468872E+02   -.2615867682170214E+02    .1001514714847142E+01
    .4698773206233047E+02   -.2454492997614596E+02    .1001390429376780E+01
    .4737416715708567E+02   -.2291651301098985E+02    .1001270708359518E+01
    .4773699969222358E+02   -.2127439920550723E+02    .1001156187073504E+01
    .4807536236010031E+02   -.1961957002535836E+02    .1001047497754524E+01
    .4838844634535380E+02   -.1795301453598367E+02    .1000945262765193E+01
    .4867550325827990E+02   -.1627572881145486E+02    .1000850087431043E+01
    .4893584692376815E+02   -.1458871533913698E+02    .1000762552664171E+01
    .4916885502152115E+02   -.1289298242051748E+02    .1000683207504134E+01
    .4937397057363647E+02   -.1118954356856021E+02    .1000612561703690E+01
    .4955070327599564E+02   -.9479416901944592E+01    .1000551078459785E+01
    .4969863067027725E+02   -.7763624536552000E+01    .1000499167293598E+01
    .4981739915379288E+02   -.6043191974563226E+01    .1000457176747027E+01
    .4990672482473198E+02   -.4319147491531771E+01    .1000425385124041E+01
    .4996639416079503E+02   -.2592521521799750E+01    .1000403978277946E+01
    .4999626452959301E+02   -.8643460426234379E+00    .1000392847713426E+01
    .4999626452959301E+02    .8643460426234379E+00    .1000392847713426E+01
    .4996639416079503E+02    .2592521521799750E+01    .1000403978277946E+01
    .4990672482473198E+02    .4319147491531771E+01    .1000425385124041E+01
    .4981739915379288E+02    .6043191974563226E+01    .1000457176747027E+01
    .4969863067027725E+02    .7763624536552000E+01    .1000499167293598E+01
    .4955070327599564E+02    .9479416901944580E+01    .1000551078459785E+01
    .4937397057363647E+02    .1118954356856021E+02    .1000612561703690E+01
    .4916885502152115E+02    .1289298242051748E+02    .1000683207504134E+01
    .4893584692376815E+02    .1458871533913698E+02    .1000762552664171E+01
    .4867550325827990E+02    .1627572881145486E+02    .1000850087431043E+01
    .4838844634535380E+02    .1795301453598367E+02    .1000945262765193E+01
    .4807536236010031E+02    .1961957002535836E+02    .1001047497754524E+01
    .4773699969222358E+02    .2127439920550723E+02    .1001156187073504E+01
    .4737416715708567E+02    .2291651301098985E+02    .1001270708359518E+01
    .4698773206233047E+02    .2454492997614596E+02    .1001390429376780E+01
    .4657861813468872E+02    .2615867682170214E+02    .1001514714847142E+01
    .4614780331192018E+02    .2775678903648558E+02    .1001642932841730E+01
    .4569631740517060E+02    .2933831145389732E+02    .1001774460644990E+01
    .4522523963733176E+02    .3090229882280037E+02    .1001908690021963E+01
    .4473569606328859E+02    .3244781637248160E+02    .1002045031839304E+01
    .4422885687821997E+02    .3397394037134944E+02    .1002182920010096E+01
    .4370593362038756E+02    .3547975867903402E+02    .1002321814751058E+01
    .4316817627509882E+02    .3696437129155909E+02    .1002461205157917E+01
    .4261687028676707E+02    .3842689087926040E+02    .1002600611120010E+01
    .4205333348621078E+02    .3986644331712882E+02    .1002739584608346E+01
    .4147891294053693E+02    .4128216820726130E+02    .1002877710382135E+01
    .4089498173313869E+02    .4267321939310725E+02    .1003014606167166E+01
    .4030293568150405E+02    .4403876546520338E+02    .1003149922365333E+01
    .3970419000068162E+02    .4537799025809403E+02    .1003283341358203E+01
    .3910017592037844E+02    .4669009333814095E+02    .1003414576468983E+01
    .3849233726377700E+02    .4797429048193001E+02    .1003543370646770E+01
    .3788212699624881E+02    .4922981414498982E+02    .1003669494934949E+01
    .3727100375221471E+02    .5045591392054116E+02    .1003792746782297E+01
    .3666042834845388E+02    .5165185698800409E+02    .1003912948251183E+01
    .3605186029219607E+02    .5281692855099382E+02    .1004029944172812E+01
    .3544675429234413E+02    .5395043226454423E+02    .1004143600295275E+01
    .3484655678216606E+02    .5505169065130325E+02    .1004253801467851E+01
    .3425270246176893E+02    .5612004550645175E+02    .1004360449907777E+01
    .3366661086861921E+02    .5715485829110383E+02    .1004463463615818E+01
    .3308968298430713E+02    .5815551051395366E+02    .1004562775106965E+01
    .3252329788566635E+02    .5912140410094074E+02    .1004648764266290E+01
    .3196880944825356E+02    .6005196175271287E+02    .1004671721824798E+01
    .3142754311006795E+02    .6094662728967379E+02    .1004659545501003E+01
    .3090079270324604E+02    .6180486598440930E+02    .1004624379026300E+01
    .3038981736130485E+02    .6262616488129407E+02    .1004568429606994E+01
    .2989583850932559E+02    .6341003310308932E+02    .1004501503155449E+01
    .2942003694427147E+02    .6415600214434896E+02    .1004423216166325E+01
    .2896355001241673E+02    .6486362615146223E+02    .1004340998593017E+01
    .2852746889063184E+02    .6553248218916809E+02    .1004249612353555E+01
    .2811283597801868E+02    .6616217049338893E+02    .1004159966413348E+01
    .2772064240412371E+02    .6675231471024252E+02    .1004063787992073E+01
    .2735182565967306E+02    .6730256212110642E+02    .1003968881736051E+01
    .2700726735547024E+02    .6781258385363262E+02    .1003877372402030E+01
    .2668779111477200E+02    .6828207507864418E+02    .1003790413370475E+01
    .2639416060409862E+02    .6871075519291196E+02    .1003708707384698E+01
    .2612707770701660E+02    .6909836798793935E+02    .1003628806045721E+01
    .2588718084488544E+02    .6944468180518156E+02    .1003553732698044E+01
    .2567504344768681E+02    .6974948967886890E+02    .1003492822843042E+01
    .2549117257621998E+02    .7001260946969485E+02    .1003431184322041E+01
    .2533600769182834E+02    .7023388399935129E+02    .1003386081880346E+01
    .2520991955123231E+02    .7041318122165437E+02    .1003344894141805E+01
    .2511320911467945E+02    .7055039459183848E+02    .1003312216121841E+01
    .2504610572412889E+02    .7064544468806339E+02    .1003292140193989E+01
    .2500875483603764E+02    .7069829582664970E+02    .1003281695034205E+01
   -.2499999942409214E+02    .7588859324282470E-02    .8511738465806085E+00
   -.2499998435920665E+02    .3954844288746747E-01    .8511752327830397E+00
   -.2499990589881927E+02    .9700576309273554E-01    .8511824538445586E+00
   -.2499967634418309E+02    .1799043681833867E+00    .8512035795354560E+00
   -.2499916971918387E+02    .2881459380468425E+00    .8512501931491865E+00
   -.2499822253082199E+02    .4216004243370755E+00    .8513373035501721E+00
   -.2499663475694950E+02    .5801071496286990E+00    .8514832146950744E+00
   -.2499417105654526E+02    .7634751767242008E+00    .8517093394623809E+00
   -.2499056219643235E+02    .9714835854323782E+00    .8520399454376562E+00
   -.2498550668721657E+02    .1203881754302842E+01    .8525018178535354E+00
   -.2497867262015689E+02    .1460389668653838E+01    .8531238220039343E+00
   -.2496969969565501E+02    .1740698260612324E+01    .8539363479424378E+00
   -.2495820143307293E+02    .2044469782781667E+01    .8549706225196912E+00
   -.2494376755066043E+02    .2371338215851434E+01    .8562578764852271E+00
   -.2492596650350153E+02    .2720909709976929E+01    .8578283587748609E+00
   -.2490434816657539E+02    .3092763059540874E+01    .8597101997849675E+00
   -.2487844664927648E+02    .3486450210794874E+01    .8619281409683415E+00
   -.2484778322705509E+02    .3901496801804493E+01    .8645021681232415E+00
   -.2481186937522512E+02    .4337402734066550E+01    .8674461104261175E+00
   -.2477020988944536E+02    .4793642775120422E+01    .8707662946136073E+00
   -.2472230607691530E+02    .5269667191433502E+01    .8744603684334729E+00
   -.2466765900193931E+02    .5764902410801898E+01    .8785164240568036E+00
   -.2460577276920591E+02    .6278751713470518E+01    .8829125542225809E+00
   -.2453615782790299E+02    .6810595951141187E+01    .8876169551240818E+00
   -.2445833427964674E+02    .7359794293003440E+01    .8925886484441762E+00
   -.2437183517314228E+02    .7925684997889616E+01    .8977788331190599E+00
   -.2427620976851779E+02    .8507586211624341E+01    .9031328034461109E+00
   -.2417102675438155E+02    .9104796788607889E+01    .9085922962350627E+00
   -.2405587740084168E+02    .9716597136643681E+01    .9140980698253364E+00
   -.2393037863200164E+02    .1034225008399215E+02    .9195924842286030E+00
   -.2379417600179829E+02    .1098100176760624E+02    .9250218517011185E+00
   -.2364694655748232E+02    .1163208254147848E+02    .9303383610317635E+00
   -.2348840157555194E+02    .1229470790400511E+02    .9355014399851983E+00
   -.2331828915553560E+02    .1296807944324989E+02    .9404784966038621E+00
   -.2313639665767716E+02    .1365138579896869E+02    .9452450571698797E+00
   -.2294255297130359E+02    .1434380364023578E+02    .9497843834873201E+00
   -.2273663060144671E+02    .1504449865749367E+02    .9540866956989756E+00
   -.2251854756214452E+02    .1575262656783142E+02    .9581481455004168E+00
   -.2228826906575847E+02    .1646733413227997E+02    .9619696801270193E+00
   -.2204580899860785E+02    .1718776018389874E+02    .9655559156018486E+00
   -.2179123117423499E+02    .1791303666541497E+02    .9689141060575087E+00
   -.2152465035667232E+02    .1864228967516512E+02    .9720532619179938E+00
   -.2124623304717732E+02    .1937464052007851E+02    .9749834391198952E+00
   -.2095619802903055E+02    .2010920677443408E+02    .9777151978017958E+00
   -.2065481666614867E+02    .2084510334311474E+02    .9802592131598679E+00
   -.2034241295244375E+02    .2158144352807811E+02    .9826260128943192E+00
   -.2001936331005604E+02    .2231734009675876E+02    .9848258132928370E+00
   -.1968609613579455E+02    .2305190635111433E+02    .9868684276141022E+00
   -.1934309109633204E+02    .2378425719602772E+02    .9887632242822473E+00
   -.1899087817391224E+02    .2451351020577788E+02    .9905191171022671E+00
   -.1863003646553266E+02    .2523878668729411E+02    .9921445743313464E+00
   -.1826119273975863E+02    .2595921273891289E+02    .9936476374730334E+00
   -.1788501975649923E+02    .2667392030336142E+02    .9950359438875551E+00
   -.1750223435622654E+02    .2738204821369917E+02    .9963167497178073E+00
   -.1711359532624135E+02    .2808274323095707E+02    .9974969513093298E+00
   -.1671990105267555E+02    .2877516107222416E+02    .9985831043894885E+00
   -.1632198696796824E+02    .2945846742794296E+02    .9995814409061672E+00
   -.1592072280455467E+02    .3013183896718773E+02    .1000497883735632E+01
   -.1551700966645950E+02    .3079446432971437E+02    .1001338059559916E+01
   -.1511177693138300E+02    .3144554510358661E+02    .1002107310175296E+01
   -.1470597899670823E+02    .3208429678720070E+02    .1002810702399120E+01
   -.1430059188363267E+02    .3270994973454917E+02    .1003453036651602E+01
   -.1389660971433749E+02    .3332175008258496E+02    .1004038854244340E+01
   -.1349504107774644E+02    .3391896065956850E+02    .1004572443429835E+01
   -.1309690529999252E+02    .3450086187330323E+02    .1005057844354581E+01
   -.1270322863620047E+02    .3506675257818940E+02    .1005498853189839E+01
   -.1231504040060472E+02    .3561595092005166E+02    .1005899025851715E+01
   -.1193336905235346E+02    .3614779515772234E+02    .1006261681825098E+01
   -.1155923825459886E+02    .3666164446039095E+02    .1006589908641667E+01
   -.1119366292463887E+02    .3715687967975934E+02    .1006886567514990E+01
   -.1083764529295815E+02    .3763290409607243E+02    .1007154300510154E+01
   -.1049217098901217E+02    .3808914413712630E+02    .1007395539442988E+01
   -.1015820517151120E+02    .3852505006938836E+02    .1007612516495814E+01
   -.9836688720788628E+01    .3894009666039797E+02    .1007807276333915E+01
   -.9528534510582254E+01    .3933378381165197E+02    .1007981689332334E+01
   -.9234623776218701E+01    .3970563716121591E+02    .1008137465387270E+01
   -.8955802595770624E+01    .4005520865534141E+02    .1008276167693314E+01
   -.8692878500256175E+01    .4038207708841117E+02    .1008399225825301E+01
   -.8446617228369231E+01    .4068584861058052E+02    .1008507947492341E+01
   -.8217739640568620E+01    .4096615720253900E+02    .1008603528441664E+01
   -.8006918806607409E+01    .4122266511688999E+02    .1008687060139487E+01
   -.7814777279735946E+01    .4145506328576047E+02    .1008759534983152E+01
   -.7641884569815666E+01    .4166307169446863E+02    .1008821848964300E+01
   -.7488754826294986E+01    .4184643972156415E+02    .1008874802101331E+01
   -.7355844739967790E+01    .4200494644685577E+02    .1008919097541269E+01
   -.7243551667974398E+01    .4213840093314601E+02    .1008955340449831E+01
   -.7152211972229146E+01    .4224664250300946E+02    .1008984037359170E+01
   -.7082099495776628E+01    .4232954110810012E+02    .1009005596172294E+01
   -.7033423642388378E+01    .4238699842830538E+02    .1009020327073879E+01
   -.7006320011873321E+01    .4241895801186856E+02    .1009028446356210E+01
   -.6958714065396585E+01    .4247503494360353E+02    .1009042564608746E+01
   -.6783148715252700E+01    .4268120345626081E+02    .1009093085761366E+01
   -.6469521489706903E+01    .4304704230291914E+02    .1009177522225338E+01
   -.6021726707065771E+01    .4356406006438591E+02    .1009286012843044E+01
   -.5445784555264137E+01    .4422014862563881E+02    .1009406489198616E+01
   -.4750060898282044E+01    .4499993233519130E+02    .1009526210142728E+01
   -.3945544247506035E+01    .4588513457808963E+02    .1009633055578953E+01
   -.3046082885643138E+01    .4685500732510546E+02    .1009716700802950E+01
   -.2068526847333214E+01    .4788681776091076E+02    .1009769669600176E+01
   -.1032727370604515E+01    .4895638122798240E+02    .1009788098671779E+01
    .3864305946478552E-01    .5003862813813423E+02    .1009772002395884E+01
    .1120472491544362E+01    .5110819160520587E+02    .1009724927008757E+01
    .2185798128366496E+01    .5214000204101118E+02    .1009653084465344E+01
    .3206587999999066E+01    .5310987478802701E+02    .1009564241660715E+01
    .4154683435755597E+01    .5399507703092532E+02    .1009466696686394E+01
    .5002853691387383E+01    .5477486074047782E+02    .1009368570260555E+01
    .5725901404910413E+01    .5543094930173072E+02    .1009277437765623E+01
    .6301750185046313E+01    .5594796706319749E+02    .1009200132270597E+01
    .6712447360529126E+01    .5631380590985582E+02    .1009142483221274E+01
    .6945075087215351E+01    .5651997442251310E+02    .1009108907311753E+01
    .7067536781572855E+01    .5662820567665274E+02    .1009090965186505E+01
    .7354406414959278E+01    .5688093390140432E+02    .1009048218371946E+01
    .7864969082931175E+01    .5732797666317133E+02    .1008969676376970E+01
    .8589647107095267E+01    .5795657607821158E+02    .1008852788329617E+01
    .9514051972092538E+01    .5874866123759123E+02    .1008694133638741E+01
    .1061875282986911E+02    .5968144839886940E+02    .1008488768424119E+01
    .1187902620290970E+02    .6072810403998275E+02    .1008228683194061E+01
    .1326476279208683E+02    .6185851824291205E+02    .1007901531902747E+01
    .1474063196092183E+02    .6304017128856951E+02    .1007492354703529E+01
    .1626658027743317E+02    .6423906932500904E+02    .1006991184077356E+01
    .1779870915499824E+02    .6542072237066650E+02    .1006405468287127E+01
    .1929053779237400E+02    .6655113657359580E+02    .1005768835982735E+01
    .2069461512302992E+02    .6759779221470914E+02    .1005135567401736E+01
    .2196440309608498E+02    .6853057937598732E+02    .1004560901174656E+01
    .2305631818283025E+02    .6932266453536697E+02    .1004081861148459E+01
    .2393179328259539E+02    .6995126395040721E+02    .1003713184434450E+01
    .2455921587941354E+02    .7039830671217422E+02    .1003456877061294E+01
    .2491568737658711E+02    .7065103493692581E+02    .1003313161672433E+01
