   -.3422499468657835E+01   -.2697049172219678E-02    .1324216491480214E-02
   -.3422485578697263E+01   -.1405089443688718E-01    .6845411150074578E-02
   -.3422413207057106E+01   -.3447021015641242E-01    .1677493797740891E-01
   -.3422201295757467E+01   -.6394733051722255E-01    .3110879877096489E-01
   -.3421733081381011E+01   -.1024651935730972E+00    .4983793397126063E-01
   -.3420856444616937E+01   -.1500009106443456E+00    .7294951586121169E-01
   -.3419384365519575E+01   -.2065261146611310E+00    .1004264365209064E+00
   -.3417095483598515E+01   -.2720070394977505E+00    .1322462608531858E+00
   -.3413734761364003E+01   -.3464045567350471E+00    .1683794610461914E+00
   -.3409014249666458E+01   -.4296742045622358E+00    .2087864852675650E+00
   -.3402613952908895E+01   -.5217662164966559E+00    .2534129987686080E+00
   -.3394182791958686E+01   -.6226255520660778E+00    .3021824250545602E+00
   -.3383339662338746E+01   -.7321919301539501E+00    .3549847426443860E+00
   -.3369674585037808E+01   -.8503998652589357E+00    .4116604209115770E+00
   -.3352749947045611E+01   -.9771787067602253E+00    .4719784891375720E+00
   -.3332101828491946E+01   -.1112452681216267E+01    .5356081225155014E+00
   -.3307241413049186E+01   -.1256140937696342E+01    .6020838932730552E+00
   -.3277656478046749E+01   -.1408157596130492E+01    .6707660466074331E+00
   -.3242812960543290E+01   -.1568411798655689E+01    .7407988370604126E+00
   -.3202156595408910E+01   -.1736807763931296E+01    .8110720282281331E+00
   -.3155114621285714E+01   -.1913244844393571E+01    .8801929182207805E+00
   -.3101097550121044E+01   -.2097617586416293E+01    .9464783346347254E+00
   -.3039500995804236E+01   -.2289815793342342E+01    .1007977318833885E+01
   -.2969707557284997E+01   -.2489724591349089E+01    .1062534712788387E+01
   -.2891088751410019E+01   -.2697224498108536E+01    .1107902430128858E+01
   -.2803006990584441E+01   -.2912191494201404E+01    .1141898326470566E+01
   -.2704817600246725E+01   -.3134497097242609E+01    .1162603213383115E+01
   -.2595870871039486E+01   -.3364008438673934E+01    .1168576542354239E+01
   -.2475514140465319E+01   -.3600588343178069E+01    .1159062110749336E+01
   -.2343093898735717E+01   -.3844095410666603E+01    .1134148267108085E+01
   -.2197957913453155E+01   -.4094384100792976E+01    .1094845921750389E+01
   -.2039457367711278E+01   -.4351304819939948E+01    .1043057144839618E+01
   -.1866949006156277E+01   -.4614704010629564E+01    .9814274932279982E+00
   -.1679797283523845E+01   -.4884424243302230E+01    .9130985591433177E+00
   -.1477376510150743E+01   -.5160304310410030E+01    .8413961950281621E+00
   -.1259072988958057E+01   -.5442179322768059E+01    .7695026340998928E+00
   -.1024287138414638E+01   -.5729880808106187E+01    .7001652407877803E+00
   -.7724355960139184E+00   -.6023236811762382E+01    .6354876526535843E+00
   -.5029532968354378E+00   -.6322071999457366E+01    .5768308454615967E+00
   -.2152955218136401E+00   -.6626207762089209E+01    .5248271776898417E+00
    .9106008959915357E-01   -.6935462322485244E+01    .4794871580971521E+00
    .4166115676112461E+00   -.7249650844047454E+01    .4403631356716915E+00
    .7618306862572721E+00   -.7568585541226449E+01    .4067297256952047E+00
    .1127161088594009E+01   -.7892075791757957E+01    .3777468811457280E+00
    .1513016467854366E+01   -.8219928250594787E+01    .3525842107840436E+00
    .1919778809360541E+01   -.8551946965466158E+01    .3304993273123739E+00
    .2347796697858539E+01   -.8887933493995295E+01    .3108744225961548E+00
    .2797383694786164E+01   -.9227687022305350E+01    .2932217542961918E+00
    .3268816789825265E+01   -.9571004485042721E+01    .2771703345956958E+00
    .3762334930917111E+01   -.9917680686746033E+01    .2624443216877080E+00
    .4278137636737553E+01   -.1026750842448825E+02    .2488403181484033E+00
    .4816383695436669E+01   -.1062027861171862E+02    .2362074867921672E+00
    .5377189953246012E+01   -.1097578040323047E+02    .2244319143244214E+00
    .5960630196346380E+01   -.1133380132118002E+02    .2134251708774724E+00
    .6566734129170151E+01   -.1169412738208112E+02    .2031163455937992E+00
    .7195486452085794E+01   -.1205654322469980E+02    .1934466842503837E+00
    .7846826041177889E+01   -.1242083223877230E+02    .1843660519514723E+00
    .8520645232595506E+01   -.1278677669446966E+02    .1758306219296221E+00
    .9216789213694657E+01   -.1315415787253140E+02    .1678013648345083E+00
    .9935055522947902E+01   -.1352275619499061E+02    .1602430508799131E+00
    .1067519366033664E+02   -.1389235135641223E+02    .1531235766869400E+00
    .1143690480967948E+02   -.1426272245556619E+02    .1464134964928296E+00
    .1221984167408435E+02   -.1463364812745662E+02    .1400856821153208E+00
    .1302360842544277E+02   -.1500490667562819E+02    .1341150648472343E+00
    .1384776076861366E+02   -.1537627620467066E+02    .1284784306039267E+00
    .1469180612067011E+02   -.1574753475284223E+02    .1231542508612553E+00
    .1555520390530847E+02   -.1611846042473266E+02    .1181225387210199E+00
    .1643736596224378E+02   -.1648883152388663E+02    .1133647234963543E+00
    .1733765707114048E+02   -.1685842668530825E+02    .1088635396040970E+00
    .1825539558935318E+02   -.1722702500776745E+02    .1046029269644819E+00
    .1918985420247951E+02   -.1759440618582919E+02    .1005679409543456E+00
    .2014026078645604E+02   -.1796035064152655E+02    .9674467048192960E-01
    .2110579937966060E+02   -.1832463965559906E+02    .9312016308848098E-01
    .2208561126321912E+02   -.1868705549821774E+02    .8968235621212921E-01
    .2307879614745509E+02   -.1904738155911884E+02    .8642001391561886E-01
    .2408441346216303E+02   -.1940540247706839E+02    .8332266850516765E-01
    .2510148374813677E+02   -.1976090426858023E+02    .8038056656629709E-01
    .2612899014713865E+02   -.2011367445581061E+02    .7758461902175218E-01
    .2716587998725647E+02   -.2046350219355282E+02    .7492635488122897E-01
    .2821106646036413E+02   -.2081017839525613E+02    .7239787840500501E-01
    .2926343038817738E+02   -.2115349585799351E+02    .6999182944397504E-01
    .3032182207318030E+02   -.2149324938630356E+02    .6770134674446424E-01
    .3138506323049098E+02   -.2182923591483269E+02    .6552003401062952E-01
    .3245194899653615E+02   -.2216125462970406E+02    .6344192848611273E-01
    .3352125001021624E+02   -.2248910708854089E+02    .6146147172558387E-01
    .3459171456206379E+02   -.2281259733907240E+02    .5957348203851222E-01
    .3566207080672935E+02   -.2313153203625140E+02    .5777312775500375E-01
    .3673102903397252E+02   -.2344572055781361E+02    .5605589994631070E-01
    .3779728399318914E+02   -.2375497511820965E+02    .5441758253273391E-01
    .3885951726637146E+02   -.2405911088084149E+02    .5285421693067916E-01
    .3991639968427547E+02   -.2435794606853647E+02    .5136205778901502E-01
    .4096659378045949E+02   -.2465130207219267E+02    .4993751638422982E-01
    .4200875627775995E+02   -.2493900355753080E+02    .4857708943833566E-01
    .4304154060168570E+02   -.2522087856988882E+02    .4727727396331716E-01
    .4406359941513965E+02   -.2549675863699662E+02    .4603447330885459E-01
    .4507358716881767E+02   -.2576647886966929E+02    .4484490530846953E-01
    .4607016266158903E+02   -.2602987806035891E+02    .4370452890912257E-01
    .4705199160513015E+02   -.2628679877950588E+02    .4260900899359529E-01
    .4801774918706450E+02   -.2653708746963225E+02    .4155373834827439E-01
    .4896612262685636E+02   -.2678059453712078E+02    .4053392977715970E-01
    .4989581371871371E+02   -.2701717444162492E+02    .3954478055545729E-01
    .5080554135577788E+02   -.2724668578305624E+02    .3858169773877696E-01
    .5169404402991204E+02   -.2746899138609745E+02    .3764055949669402E-01
    .5256008230144963E+02   -.2768395838219032E+02    .3671797808986947E-01
    .5340244123332538E+02   -.2789145828894976E+02    .3581152698408994E-01
    .5421993278408645E+02   -.2809136708695651E+02    .3491989883719689E-01
    .5501139815436946E+02   -.2828356529388256E+02    .3404297171147348E-01
    .5577571008152977E+02   -.2846793803590528E+02    .3318177530492750E-01
    .5651177507722254E+02   -.2864437511636755E+02    .3233836398917238E-01
    .5721853560286139E+02   -.2881277108164316E+02    .3151561594535483E-01
    .5789497217801745E+02   -.2897302528416836E+02    .3071698562783383E-01
    .5854010541697264E+02   -.2912504194260251E+02    .2994623939711599E-01
    .5915299798880125E+02   -.2926873019908259E+02    .2920720193169798E-01
    .5973275649652863E+02   -.2940400417353863E+02    .2850353530412605E-01
    .6027853327110081E+02   -.2953078301503992E+02    .2783856509740461E-01
    .6078952807609745E+02   -.2964899095014490E+02    .2721516022849583E-01
    .6126498971933650E+02   -.2975855732823278E+02    .2663566639078317E-01
    .6170421756775370E+02   -.2985941666380219E+02    .2610188787624906E-01
    .6210656296221519E+02   -.2995150867573662E+02    .2561510922168383E-01
    .6247143052926356E+02   -.3003477832356380E+02    .2517614657028641E-01
    .6279827938731052E+02   -.3010917584080110E+02    .2478541856272715E-01
    .6308662424573018E+02   -.3017465676563772E+02    .2444302754967289E-01
    .6333603639754300E+02   -.3023118196965451E+02    .2414884349836513E-01
    .6354614461303427E+02   -.3027871768672576E+02    .2390258475201788E-01
    .6371663596646772E+02   -.3031723554978163E+02    .2370389148931998E-01
    .6384725674829683E+02   -.3034671267014244E+02    .2355238905858041E-01
    .6393781446652744E+02   -.3036713198586196E+02    .2344773851546130E-01
    .6398819403885769E+02   -.3037848583112664E+02    .2338965855763654E-01
    .6400119853705354E+02   -.3037582577547527E+02    .2337110411609759E-01
    .6400631187363322E+02   -.3035311805729110E+02    .2335064528760861E-01
    .6401549832779961E+02   -.3031227937611623E+02    .2331603950392370E-01
    .6402873798656368E+02   -.3025332506359647E+02    .2326911992883766E-01
    .6404599945301129E+02   -.3017628924366583E+02    .2321077180414927E-01
    .6406724152568449E+02   -.3008121769373945E+02    .2314103489958513E-01
    .6409241344798831E+02   -.2996816714802607E+02    .2305956734879870E-01
    .6412145505766480E+02   -.2983720513885936E+02    .2296598456360242E-01
    .6415429693809055E+02   -.2968840992317294E+02    .2286000583841577E-01
    .6419086058670109E+02   -.2952187042469668E+02    .2274147016170664E-01
    .6423105860361227E+02   -.2933768617651710E+02    .2261030381216205E-01
    .6427479490096385E+02   -.2913596725971274E+02    .2246648535157019E-01
    .6432196493280922E+02   -.2891683423666352E+02    .2231002188059643E-01
    .6437245594512451E+02   -.2868041807853163E+02    .2214093599145285E-01
    .6442614724539074E+02   -.2842686008673077E+02    .2195925944321630E-01
    .6448291049112748E+02   -.2815631180832860E+02    .2176503035897047E-01
    .6454260999669984E+02   -.2786893494538350E+02    .2155829212830446E-01
    .6460510305767075E+02   -.2756490125824455E+02    .2133909311050972E-01
    .6467024029192666E+02   -.2724439246285914E+02    .2110748670395746E-01
    .6473786599676262E+02   -.2690760012214180E+02    .2086353158584291E-01
    .6480781852107437E+02   -.2655472553146520E+02    .2060729203291798E-01
    .6487993065176829E+02   -.2618597959833862E+02    .2033883827808864E-01
    .6495403001346590E+02   -.2580158271634471E+02    .2005824688566367E-01
    .6502993948054771E+02   -.2540176463340853E+02    .1976560113732136E-01
    .6510747760055163E+02   -.2498676431447711E+02    .1946099142231860E-01
    .6518645902791395E+02   -.2455682979869107E+02    .1914451562986316E-01
    .6526669496701615E+02   -.2411221805113354E+02    .1881627954045132E-01
    .6534799362347852E+02   -.2365319480924458E+02    .1847639721333414E-01
    .6543016066262190E+02   -.2318003442399293E+02    .1812499136804978E-01
    .6551299967400163E+02   -.2269301969589982E+02    .1776219375679642E-01
    .6559631264090332E+02   -.2219244170601287E+02    .1738814552542561E-01
    .6567990041367818E+02   -.2167859964193093E+02    .1700299756014997E-01
    .6576356318578645E+02   -.2115180061898394E+02    .1660691081744594E-01
    .6584710097141105E+02   -.2061235949667453E+02    .1620005663428523E-01
    .6593031408349979E+02   -.2006059869049119E+02    .1578261701621130E-01
    .6601300361109330E+02   -.1949684797920536E+02    .1535478490046436E-01
    .6609497189479789E+02   -.1892144430776765E+02    .1491676439157909E-01
    .6617602299926666E+02   -.1833473158592097E+02    .1446877096693013E-01
    .6625596318155949E+02   -.1773706048265092E+02    .1401103164965140E-01
    .6633460135426225E+02   -.1712878821659642E+02    .1354378514661658E-01
    .6641174954225839E+02   -.1651027834254555E+02    .1306728194912534E-01
    .6648722333206101E+02   -.1588190053414457E+02    .1258178439421741E-01
    .6656084231263104E+02   -.1524403036294964E+02    .1208756668459441E-01
    .6663243050662830E+02   -.1459704907395362E+02    .1158491486538652E-01
    .6670181679106419E+02   -.1394134335772181E+02    .1107412675619255E-01
    .6676883530635071E+02   -.1327730511927308E+02    .1055551183705553E-01
    .6683332585276784E+02   -.1260533124384431E+02    .1002939108731320E-01
    .6689513427340185E+02   -.1192582335967833E+02    .9496096776543382E-02
    .6695411282263888E+02   -.1123918759797696E+02    .8955972207140200E-02
    .6701012051933303E+02   -.1054583435016275E+02    .8409371408383113E-02
    .6706302348380501E+02   -.9846178022594458E+01    .7856658782236778E-02
    .6711269525786540E+02   -.9140636788882851E+01    .7298208701488625E-02
    .6715901710709771E+02   -.8429632339954866E+01    .6734405061270939E-02
    .6720187830467891E+02   -.7713589632015574E+01    .6165640785491281E-02
    .6724117639605851E+02   -.6992936632558494E+01    .5592317290280276E-02
    .6727681744386385E+02   -.6268104064576127E+01    .5014843907358055E-02
    .6730871625244623E+02   -.5539525149123578E+01    .4433637271454458E-02
    .6733679657153081E+02   -.4807635346389107E+01    .3849120678220117E-02
    .6736099127848379E+02   -.4072872095426428E+01    .3261723424149696E-02
    .6738124253876094E+02   -.3335674552704194E+01    .2671880153317470E-02
    .6739750194415423E+02   -.2596483329629104E+01    .2080030277158093E-02
    .6740973062850580E+02   -.1855740229199345E+01    .1486617695340979E-02
    .6741789936061282E+02   -.1113887981945875E+01    .8920919334748496E-03
    .6742198861410127E+02   -.3713699813193257E+00    .2969213450317297E-03
    .6742198861410127E+02    .3713699813193220E+00   -.2969213450317297E-03
    .6741789936061282E+02    .1113887981945875E+01   -.8920919334748496E-03
    .6740973062850580E+02    .1855740229199345E+01   -.1486617695340979E-02
    .6739750194415423E+02    .2596483329629101E+01   -.2080030277158093E-02
    .6738124253876094E+02    .3335674552704194E+01   -.2671880153317470E-02
    .6736099127848379E+02    .4072872095426428E+01   -.3261723424149696E-02
    .6733679657153081E+02    .4807635346389107E+01   -.3849120678220117E-02
    .6730871625244623E+02    .5539525149123571E+01   -.4433637271454458E-02
    .6727681744386385E+02    .6268104064576127E+01   -.5014843907358055E-02
    .6724117639605851E+02    .6992936632558498E+01   -.5592317290280276E-02
    .6720187830467891E+02    .7713589632015570E+01   -.6165640785491281E-02
    .6715901710709771E+02    .8429632339954866E+01   -.6734405061270939E-02
    .6711269525786540E+02    .9140636788882848E+01   -.7298208701488625E-02
    .6706302348380501E+02    .9846178022594454E+01   -.7856658782236778E-02
    .6701012051933303E+02    .1054583435016275E+02   -.8409371408383113E-02
    .6695411282263888E+02    .1123918759797696E+02   -.8955972207140200E-02
    .6689513427340185E+02    .1192582335967833E+02   -.9496096776543382E-02
    .6683332585276784E+02    .1260533124384431E+02   -.1002939108731320E-01
    .6676883530635071E+02    .1327730511927308E+02   -.1055551183705553E-01
    .6670181679106419E+02    .1394134335772181E+02   -.1107412675619255E-01
    .6663243050662830E+02    .1459704907395362E+02   -.1158491486538652E-01
    .6656084231263104E+02    .1524403036294964E+02   -.1208756668459441E-01
    .6648722333206101E+02    .1588190053414457E+02   -.1258178439421741E-01
    .6641174954225839E+02    .1651027834254556E+02   -.1306728194912534E-01
    .6633460135426225E+02    .1712878821659642E+02   -.1354378514661658E-01
    .6625596318155949E+02    .1773706048265092E+02   -.1401103164965140E-01
    .6617602299926666E+02    .1833473158592096E+02   -.1446877096693013E-01
    .6609497189479789E+02    .1892144430776765E+02   -.1491676439157909E-01
    .6601300361109330E+02    .1949684797920536E+02   -.1535478490046436E-01
    .6593031408349979E+02    .2006059869049119E+02   -.1578261701621130E-01
    .6584710097141105E+02    .2061235949667452E+02   -.1620005663428523E-01
    .6576356318578645E+02    .2115180061898394E+02   -.1660691081744594E-01
    .6567990041367818E+02    .2167859964193093E+02   -.1700299756014997E-01
    .6559631264090332E+02    .2219244170601287E+02   -.1738814552542561E-01
    .6551299967400163E+02    .2269301969589982E+02   -.1776219375679642E-01
    .6543016066262190E+02    .2318003442399293E+02   -.1812499136804978E-01
    .6534799362347852E+02    .2365319480924457E+02   -.1847639721333414E-01
    .6526669496701615E+02    .2411221805113354E+02   -.1881627954045132E-01
    .6518645902791395E+02    .2455682979869108E+02   -.1914451562986316E-01
    .6510747760055163E+02    .2498676431447711E+02   -.1946099142231860E-01
    .6502993948054771E+02    .2540176463340854E+02   -.1976560113732136E-01
    .6495403001346590E+02    .2580158271634471E+02   -.2005824688566367E-01
    .6487993065176829E+02    .2618597959833862E+02   -.2033883827808864E-01
    .6480781852107437E+02    .2655472553146520E+02   -.2060729203291798E-01
    .6473786599676262E+02    .2690760012214180E+02   -.2086353158584291E-01
    .6467024029192666E+02    .2724439246285914E+02   -.2110748670395746E-01
    .6460510305767075E+02    .2756490125824455E+02   -.2133909311050972E-01
    .6454260999669984E+02    .2786893494538350E+02   -.2155829212830446E-01
    .6448291049112748E+02    .2815631180832860E+02   -.2176503035897047E-01
    .6442614724539074E+02    .2842686008673077E+02   -.2195925944321630E-01
    .6437245594512451E+02    .2868041807853163E+02   -.2214093599145285E-01
    .6432196493280922E+02    .2891683423666352E+02   -.2231002188059643E-01
    .6427479490096385E+02    .2913596725971274E+02   -.2246648535157019E-01
    .6423105860361227E+02    .2933768617651710E+02   -.2261030381216205E-01
    .6419086058670108E+02    .2952187042469668E+02   -.2274147016170664E-01
    .6415429693809055E+02    .2968840992317294E+02   -.2286000583841577E-01
    .6412145505766480E+02    .2983720513885936E+02   -.2296598456360242E-01
    .6409241344798831E+02    .2996816714802607E+02   -.2305956734879870E-01
    .6406724152568449E+02    .3008121769373945E+02   -.2314103489958513E-01
    .6404599945301129E+02    .3017628924366584E+02   -.2321077180414927E-01
    .6402873798656368E+02    .3025332506359648E+02   -.2326911992883766E-01
    .6401549832779961E+02    .3031227937611623E+02   -.2331603950392370E-01
    .6400631187363322E+02    .3035311805729109E+02   -.2335064528760861E-01
    .6400119853705354E+02    .3037582577547526E+02   -.2337110411609759E-01
   -.3422499468657835E+01    .2697049172219678E-02   -.1324216491480214E-02
   -.3422485578697263E+01    .1405089443688718E-01   -.6845411150074578E-02
   -.3422413207057106E+01    .3447021015641242E-01   -.1677493797740891E-01
   -.3422201295757467E+01    .6394733051722255E-01   -.3110879877096489E-01
   -.3421733081381011E+01    .1024651935730972E+00   -.4983793397126063E-01
   -.3420856444616937E+01    .1500009106443456E+00   -.7294951586121169E-01
   -.3419384365519575E+01    .2065261146611310E+00   -.1004264365209064E+00
   -.3417095483598515E+01    .2720070394977505E+00   -.1322462608531858E+00
   -.3413734761364003E+01    .3464045567350471E+00   -.1683794610461914E+00
   -.3409014249666458E+01    .4296742045622358E+00   -.2087864852675650E+00
   -.3402613952908895E+01    .5217662164966559E+00   -.2534129987686080E+00
   -.3394182791958686E+01    .6226255520660778E+00   -.3021824250545602E+00
   -.3383339662338746E+01    .7321919301539501E+00   -.3549847426443860E+00
   -.3369674585037808E+01    .8503998652589357E+00   -.4116604209115770E+00
   -.3352749947045611E+01    .9771787067602253E+00   -.4719784891375720E+00
   -.3332101828491946E+01    .1112452681216267E+01   -.5356081225155014E+00
   -.3307241413049186E+01    .1256140937696342E+01   -.6020838932730552E+00
   -.3277656478046749E+01    .1408157596130492E+01   -.6707660466074331E+00
   -.3242812960543290E+01    .1568411798655689E+01   -.7407988370604126E+00
   -.3202156595408910E+01    .1736807763931296E+01   -.8110720282281331E+00
   -.3155114621285714E+01    .1913244844393571E+01   -.8801929182207805E+00
   -.3101097550121044E+01    .2097617586416293E+01   -.9464783346347254E+00
   -.3039500995804236E+01    .2289815793342342E+01   -.1007977318833885E+01
   -.2969707557284997E+01    .2489724591349089E+01   -.1062534712788387E+01
   -.2891088751410019E+01    .2697224498108536E+01   -.1107902430128858E+01
   -.2803006990584441E+01    .2912191494201404E+01   -.1141898326470566E+01
   -.2704817600246725E+01    .3134497097242609E+01   -.1162603213383115E+01
   -.2595870871039486E+01    .3364008438673934E+01   -.1168576542354239E+01
   -.2475514140465319E+01    .3600588343178069E+01   -.1159062110749336E+01
   -.2343093898735717E+01    .3844095410666603E+01   -.1134148267108085E+01
   -.2197957913453155E+01    .4094384100792976E+01   -.1094845921750389E+01
   -.2039457367711278E+01    .4351304819939948E+01   -.1043057144839618E+01
   -.1866949006156277E+01    .4614704010629564E+01   -.9814274932279982E+00
   -.1679797283523845E+01    .4884424243302230E+01   -.9130985591433177E+00
   -.1477376510150743E+01    .5160304310410030E+01   -.8413961950281621E+00
   -.1259072988958057E+01    .5442179322768059E+01   -.7695026340998928E+00
   -.1024287138414638E+01    .5729880808106187E+01   -.7001652407877803E+00
   -.7724355960139184E+00    .6023236811762382E+01   -.6354876526535843E+00
   -.5029532968354378E+00    .6322071999457366E+01   -.5768308454615967E+00
   -.2152955218136401E+00    .6626207762089209E+01   -.5248271776898417E+00
    .9106008959915357E-01    .6935462322485244E+01   -.4794871580971521E+00
    .4166115676112461E+00    .7249650844047454E+01   -.4403631356716915E+00
    .7618306862572721E+00    .7568585541226449E+01   -.4067297256952047E+00
    .1127161088594009E+01    .7892075791757957E+01   -.3777468811457280E+00
    .1513016467854366E+01    .8219928250594787E+01   -.3525842107840436E+00
    .1919778809360541E+01    .8551946965466158E+01   -.3304993273123739E+00
    .2347796697858539E+01    .8887933493995295E+01   -.3108744225961548E+00
    .2797383694786164E+01    .9227687022305350E+01   -.2932217542961918E+00
    .3268816789825265E+01    .9571004485042721E+01   -.2771703345956958E+00
    .3762334930917111E+01    .9917680686746033E+01   -.2624443216877080E+00
    .4278137636737553E+01    .1026750842448825E+02   -.2488403181484033E+00
    .4816383695436669E+01    .1062027861171862E+02   -.2362074867921672E+00
    .5377189953246012E+01    .1097578040323047E+02   -.2244319143244214E+00
    .5960630196346380E+01    .1133380132118002E+02   -.2134251708774724E+00
    .6566734129170151E+01    .1169412738208112E+02   -.2031163455937992E+00
    .7195486452085794E+01    .1205654322469980E+02   -.1934466842503837E+00
    .7846826041177889E+01    .1242083223877230E+02   -.1843660519514723E+00
    .8520645232595506E+01    .1278677669446966E+02   -.1758306219296221E+00
    .9216789213694657E+01    .1315415787253140E+02   -.1678013648345083E+00
    .9935055522947902E+01    .1352275619499061E+02   -.1602430508799131E+00
    .1067519366033664E+02    .1389235135641223E+02   -.1531235766869400E+00
    .1143690480967948E+02    .1426272245556619E+02   -.1464134964928296E+00
    .1221984167408435E+02    .1463364812745662E+02   -.1400856821153208E+00
    .1302360842544277E+02    .1500490667562819E+02   -.1341150648472343E+00
    .1384776076861366E+02    .1537627620467066E+02   -.1284784306039267E+00
    .1469180612067011E+02    .1574753475284223E+02   -.1231542508612553E+00
    .1555520390530847E+02    .1611846042473266E+02   -.1181225387210199E+00
    .1643736596224378E+02    .1648883152388663E+02   -.1133647234963543E+00
    .1733765707114048E+02    .1685842668530825E+02   -.1088635396040970E+00
    .1825539558935318E+02    .1722702500776745E+02   -.1046029269644819E+00
    .1918985420247951E+02    .1759440618582919E+02   -.1005679409543456E+00
    .2014026078645604E+02    .1796035064152655E+02   -.9674467048192960E-01
    .2110579937966060E+02    .1832463965559906E+02   -.9312016308848098E-01
    .2208561126321912E+02    .1868705549821774E+02   -.8968235621212921E-01
    .2307879614745509E+02    .1904738155911884E+02   -.8642001391561886E-01
    .2408441346216303E+02    .1940540247706839E+02   -.8332266850516765E-01
    .2510148374813677E+02    .1976090426858023E+02   -.8038056656629709E-01
    .2612899014713865E+02    .2011367445581061E+02   -.7758461902175218E-01
    .2716587998725647E+02    .2046350219355282E+02   -.7492635488122897E-01
    .2821106646036413E+02    .2081017839525613E+02   -.7239787840500501E-01
    .2926343038817738E+02    .2115349585799351E+02   -.6999182944397504E-01
    .3032182207318030E+02    .2149324938630356E+02   -.6770134674446424E-01
    .3138506323049098E+02    .2182923591483269E+02   -.6552003401062952E-01
    .3245194899653615E+02    .2216125462970406E+02   -.6344192848611273E-01
    .3352125001021624E+02    .2248910708854089E+02   -.6146147172558387E-01
    .3459171456206379E+02    .2281259733907240E+02   -.5957348203851222E-01
    .3566207080672935E+02    .2313153203625140E+02   -.5777312775500375E-01
    .3673102903397252E+02    .2344572055781361E+02   -.5605589994631070E-01
    .3779728399318914E+02    .2375497511820965E+02   -.5441758253273391E-01
    .3885951726637146E+02    .2405911088084149E+02   -.5285421693067916E-01
    .3991639968427547E+02    .2435794606853647E+02   -.5136205778901502E-01
    .4096659378045949E+02    .2465130207219267E+02   -.4993751638422982E-01
    .4200875627775995E+02    .2493900355753080E+02   -.4857708943833566E-01
    .4304154060168570E+02    .2522087856988882E+02   -.4727727396331716E-01
    .4406359941513965E+02    .2549675863699662E+02   -.4603447330885459E-01
    .4507358716881767E+02    .2576647886966929E+02   -.4484490530846953E-01
    .4607016266158903E+02    .2602987806035891E+02   -.4370452890912257E-01
    .4705199160513015E+02    .2628679877950588E+02   -.4260900899359529E-01
    .4801774918706450E+02    .2653708746963225E+02   -.4155373834827439E-01
    .4896612262685636E+02    .2678059453712078E+02   -.4053392977715970E-01
    .4989581371871371E+02    .2701717444162492E+02   -.3954478055545729E-01
    .5080554135577788E+02    .2724668578305624E+02   -.3858169773877696E-01
    .5169404402991204E+02    .2746899138609745E+02   -.3764055949669402E-01
    .5256008230144963E+02    .2768395838219032E+02   -.3671797808986947E-01
    .5340244123332538E+02    .2789145828894976E+02   -.3581152698408994E-01
    .5421993278408645E+02    .2809136708695651E+02   -.3491989883719689E-01
    .5501139815436946E+02    .2828356529388256E+02   -.3404297171147348E-01
    .5577571008152977E+02    .2846793803590528E+02   -.3318177530492750E-01
    .5651177507722254E+02    .2864437511636755E+02   -.3233836398917238E-01
    .5721853560286139E+02    .2881277108164316E+02   -.3151561594535483E-01
    .5789497217801745E+02    .2897302528416836E+02   -.3071698562783383E-01
    .5854010541697264E+02    .2912504194260251E+02   -.2994623939711599E-01
    .5915299798880125E+02    .2926873019908259E+02   -.2920720193169798E-01
    .5973275649652863E+02    .2940400417353863E+02   -.2850353530412605E-01
    .6027853327110081E+02    .2953078301503992E+02   -.2783856509740461E-01
    .6078952807609745E+02    .2964899095014490E+02   -.2721516022849583E-01
    .6126498971933650E+02    .2975855732823278E+02   -.2663566639078317E-01
    .6170421756775370E+02    .2985941666380219E+02   -.2610188787624906E-01
    .6210656296221519E+02    .2995150867573662E+02   -.2561510922168383E-01
    .6247143052926356E+02    .3003477832356380E+02   -.2517614657028641E-01
    .6279827938731052E+02    .3010917584080110E+02   -.2478541856272715E-01
    .6308662424573018E+02    .3017465676563772E+02   -.2444302754967289E-01
    .6333603639754300E+02    .3023118196965451E+02   -.2414884349836513E-01
    .6354614461303427E+02    .3027871768672576E+02   -.2390258475201788E-01
    .6371663596646772E+02    .3031723554978163E+02   -.2370389148931998E-01
    .6384725674829683E+02    .3034671267014244E+02   -.2355238905858041E-01
    .6393781446652744E+02    .3036713198586196E+02   -.2344773851546130E-01
    .6398819403885769E+02    .3037848583112664E+02   -.2338965855763654E-01
 Bmu  4.69357083
   -.2499999930110229E+02   -.8360010258165617E-02    .9756809215993712E-03
   -.2499998097637591E+02   -.4361607970801024E-01    .5083714464857087E-02
   -.2499988546219778E+02   -.1070223351522506E+00    .1247113881537260E-01
   -.2499960575922843E+02   -.1985549726328958E+00    .2313223619899235E-01
   -.2499898773570933E+02   -.3181610112305419E+00    .3705259470150341E-01
   -.2499783058887638E+02   -.4657693767970050E+00    .5420611095100013E-01
   -.2499588744591726E+02   -.6412919836343622E+00    .7454962267769667E-01
   -.2499286610330982E+02   -.8446239808445177E+00    .9801637375764613E-01
   -.2498842990272495E+02   -.1075643866484201E+01    .1245086065127719E+00
   -.2498219874130119E+02   -.1334213577311191E+01    .1538896086852412E+00
   -.2497375021375503E+02   -.1620178577965171E+01    .1859756558778393E+00
   -.2496262088345774E+02   -.1933367956242722E+01    .2205284249830927E+00
   -.2494830767928427E+02   -.2273594526641300E+01    .2572485900817681E+00
   -.2493026941472259E+02   -.2640654942952703E+01    .2957714275687218E+00
   -.2490792842542305E+02   -.3034329820190094E+01    .3356653243070125E+00
   -.2488067232106772E+02   -.3454383865934425E+01    .3764340697382515E+00
   -.2484785584715052E+02   -.3900566021098488E+01    .4175236885988139E+00
   -.2480880285197980E+02   -.4372609610063557E+01    .4583343106979707E+00
   -.2476280835394775E+02   -.4870232500120025E+01    .4982371691835071E+00
   -.2470914070385553E+02   -.5393137270128294E+01    .5365962844009294E+00
   -.2464704383684018E+02   -.5941011388305996E+01    .5727937735584170E+00
   -.2457573960821964E+02   -.6513527399039364E+01    .6062571062230564E+00
   -.2449443020735643E+02   -.7110343118609489E+01    .6364861072589540E+00
   -.2440230064343906E+02   -.7731101839718169E+01    .6630772065598661E+00
   -.2429852129689314E+02   -.8375432544692030E+01    .6857424476923406E+00
   -.2418225052996282E+02   -.9042950127238246E+01    .7043211502943014E+00
   -.2405263734984743E+02   -.9733255622619668E+01    .7187828607242247E+00
   -.2390882411763785E+02   -.1044593644611218E+02    .7292212303149657E+00
   -.2374994929617420E+02   -.1118056663960193E+02    .7358395699105180E+00
   -.2357515022983917E+02   -.1193670712617524E+02    .7389298446713686E+00
   -.2338356594921182E+02   -.1271390597254903E+02    .7388476047807261E+00
   -.2317433999343375E+02   -.1351169865918513E+02    .7359856635508045E+00
   -.2294662324308429E+02   -.1432960835792700E+02    .7307491948743391E+00
   -.2269957675632356E+02   -.1516714621699295E+02    .7235343887047643E+00
   -.2243237460104192E+02   -.1602381165315567E+02    .7147120186678891E+00
   -.2214420667575174E+02   -.1689909265093326E+02    .7046164201858075E+00
   -.2183428151197250E+02   -.1779246606861313E+02    .6935396187848329E+00
   -.2150182905089300E+02   -.1870339795092592E+02    .6817298027795998E+00
   -.2114610338714436E+02   -.1963134384818228E+02    .6693930480037090E+00
   -.2076638547258569E+02   -.2057574914168208E+02    .6566971549120605E+00
   -.2036198577308882E+02   -.2153604937520152E+02    .6437765868419639E+00
   -.1993224687141085E+02   -.2251167059235977E+02    .6307377233713567E+00
   -.1947654600936200E+02   -.2350202967966384E+02    .6176638932149957E+00
   -.1899429756261203E+02   -.2450653471502646E+02    .6046198769102080E+00
   -.1848495544162984E+02   -.2552458532154862E+02    .5916557449284386E+00
   -.1794801541241894E+02   -.2655557302635561E+02    .5788100160473565E+00
   -.1738301733089443E+02   -.2759888162427161E+02    .5661121906226917E+00
   -.1678954728494539E+02   -.2865388754611600E+02    .5535847460584640E+00
   -.1616723963843950E+02   -.2971996023140089E+02    .5412446899792561E+00
   -.1551577897165363E+02   -.3079646250520726E+02    .5291047608488982E+00
   -.1483490191285464E+02   -.3188275095901443E+02    .5171743535222337E+00
   -.1412439885600809E+02   -.3297817633525528E+02    .5054602331409870E+00
   -.1338411555985859E+02   -.3408208391536733E+02    .4939670874471246E+00
   -.1261395462390316E+02   -.3519381391110779E+02    .4826979561278211E+00
   -.1181387683706743E+02   -.3631270185889858E+02    .4716545665259631E+00
   -.1098390239519414E+02   -.3743807901696594E+02    .4608375978151152E+00
   -.1012411198376192E+02   -.3856927276503679E+02    .4502468902352508E+00
   -.9234647722570221E+01   -.3970560700635338E+02    .4398816118624696E+00
   -.8315713969452531E+01   -.4084640257176569E+02    .4297403923219135E+00
   -.7367577980412953E+01   -.4199097762566031E+02    .4198214305815883E+00
   -.6390570423922075E+01   -.4313864807348270E+02    .4101225822792646E+00
   -.5385085747453118E+01   -.4428872797060995E+02    .4006414307787226E+00
   -.4351582394691064E+01   -.4544052993232906E+02    .3913753452103923E+00
   -.3290582872201981E+01   -.4659336554467601E+02    .3823215280414253E+00
   -.2202673664708403E+01   -.4774654577589001E+02    .3734770541801589E+00
   -.1088504998477443E+01   -.4889938138823696E+02    .3648389032061715E+00
    .5120954730920246E-01   -.5005118334995608E+02    .3564039859970601E+00
    .1215693580971262E+01   -.5120126324708333E+02    .3481691667738872E+00
    .2404108589936353E+01   -.5234893369490572E+02    .3401312813912494E+00
    .3615554782579771E+01   -.5349350874880032E+02    .3322871525425811E+00
    .4849072078979965E+01   -.5463430431421266E+02    .3246336024275324E+00
    .6103641248914851E+01   -.5577063855552925E+02    .3171674633286702E+00
    .7378185195070273E+01   -.5690183230360010E+02    .3098855864642445E+00
    .8671570379082283E+01   -.5802720946166745E+02    .3027848494186484E+00
    .9982608387691229E+01   -.5914609740945824E+02    .2958621623995373E+00
    .1131005763594715E+02   -.6025782740519870E+02    .2891144735278057E+00
    .1265262520407510E+02   -.6136173498531075E+02    .2825387733336329E+00
    .1400896880428573E+02   -.6245716036155160E+02    .2761320986064575E+00
    .1537769887350120E+02   -.6354344881535877E+02    .2698915357298774E+00
    .1675738078766095E+02   -.6461995108916514E+02    .2638142236241107E+00
    .1814653719297615E+02   -.6568602377445004E+02    .2578973564183570E+00
    .1954365044921654E+02   -.6674102969629442E+02    .2521381859838053E+00
    .2094716517983961E+02   -.6778433829421041E+02    .2465340244713930E+00
    .2235549092351041E+02   -.6881532599901740E+02    .2410822470106199E+00
    .2376700488131122E+02   -.6983337660553958E+02    .2357802947184987E+00
    .2518005475370466E+02   -.7083788164090218E+02    .2306256781029080E+00
    .2659296166109149E+02   -.7182824072820625E+02    .2256159807383866E+00
    .2800402314159696E+02   -.7280386194536452E+02    .2207488625823441E+00
    .2941151621952694E+02   -.7376416217888395E+02    .2160220612014231E+00
    .3081370053775717E+02   -.7470856747238376E+02    .2114333870788252E+00
    .3220882154715746E+02   -.7563651336964011E+02    .2069807056349149E+00
    .3359511374600726E+02   -.7654744525195289E+02    .2026618934647889E+00
    .3497080396222945E+02   -.7744081866963279E+02    .1984747502738745E+00
    .3633411467115754E+02   -.7831609966741037E+02    .1944168432598598E+00
    .3768326734145559E+02   -.7917276510357308E+02    .1904852611749074E+00
    .3901648580173286E+02   -.8001030296263905E+02    .1866762659158015E+00
    .4033199962033416E+02   -.8082821266138090E+02    .1829848539461097E+00
    .4162804749074502E+02   -.8162600534801700E+02    .1794042775267652E+00
    .4290288061502464E+02   -.8240320419439080E+02    .1759256190612772E+00
    .4415476607767393E+02   -.8315934468096410E+02    .1725375464050838E+00
    .4538199020235493E+02   -.8389397487445385E+02    .1692263854162901E+00
    .4658286188390841E+02   -.8460665569794637E+02    .1659766153188975E+00
    .4775571588816068E+02   -.8529696119332780E+02    .1627718212331601E+00
    .4889891611207690E+02   -.8596447877587400E+02    .1595960402458591E+00
    .5001085879689803E+02   -.8660880948084787E+02    .1564353385816223E+00
    .5108997568699790E+02   -.8722956820195655E+02    .1532793871901037E+00
    .5213473712731397E+02   -.8782638392152666E+02    .1501227834255754E+00
    .5314365509233724E+02   -.8839889993226004E+02    .1469659041057503E+00
    .5411528613979621E+02   -.8894677405043772E+02    .1438151594534972E+00
    .5504823428233763E+02   -.8946967882044601E+02    .1406826249497541E+00
    .5594115377068582E+02   -.8996730171050247E+02    .1375851315881206E+00
    .5679275178196323E+02   -.9043934529946755E+02    .1345429717058884E+00
    .5760179100706597E+02   -.9088552745463161E+02    .1315784151181497E+00
    .5836709213121793E+02   -.9130558150037594E+02    .1287142280754828E+00
    .5908753620207258E+02   -.9169925637761332E+02    .1259723542922862E+00
    .5976206687999310E+02   -.9206631679392474E+02    .1233728664189416E+00
    .6038969256542566E+02   -.9240654336432331E+02    .1209332413350875E+00
    .6096948839859330E+02   -.9271973274260085E+02    .1186679636762730E+00
    .6150059812709677E+02   -.9300569774325483E+02    .1165884248306240E+00
    .6198223583746507E+02   -.9326426745408183E+02    .1147030612891955E+00
    .6241368754737091E+02   -.9349528733972151E+02    .1130176660837571E+00
    .6279431265647226E+02   -.9369861933693167E+02    .1115358076449891E+00
    .6312354525678894E+02   -.9387414194376902E+02    .1102592982859679E+00
    .6340089531231028E+02   -.9402175030933549E+02    .1091886660805816E+00
    .6362594975028533E+02   -.9414135634793314E+02    .1083235961783106E+00
    .6379837366537321E+02   -.9423288898541379E+02    .1076633182317008E+00
    .6391791296151064E+02   -.9429629524085803E+02    .1072069213808645E+00
    .6398441572609246E+02   -.9433155131030787E+02    .1069535239805536E+00
    .6400875483603761E+02   -.9432329128253851E+02    .1068764519290120E+00
    .6404610572412885E+02   -.9425277906889600E+02    .1068070541265409E+00
    .6411320911467945E+02   -.9412596642358639E+02    .1066953077467973E+00
    .6420991955123230E+02   -.9394290095457609E+02    .1065447587080820E+00
    .6433600769182833E+02   -.9370368862381623E+02    .1063534640757218E+00
    .6449117257621997E+02   -.9340847157975386E+02    .1061174649447636E+00
    .6467504344768679E+02   -.9305742599397158E+02    .1058324441889862E+00
    .6488718084488542E+02   -.9265076156848784E+02    .1055006632889073E+00
    .6512707770701658E+02   -.9218872130744677E+02    .1051187035122655E+00
    .6539416060409860E+02   -.9167158133762553E+02    .1046849186283230E+00
    .6568779111477198E+02   -.9109965073007234E+02    .1041981028205901E+00
    .6600726735547022E+02   -.9047327130955638E+02    .1036574778114384E+00
    .6635182565967304E+02   -.8979281744747956E+02    .1030587899396872E+00
    .6672064240412369E+02   -.8905869583668941E+02    .1024017942395850E+00
    .6711283597801867E+02   -.8827134524762467E+02    .1016846765968302E+00
    .6752746889063184E+02   -.8743123626562226E+02    .1009052952079294E+00
    .6796355001241670E+02   -.8653887100938887E+02    .1000619747944890E+00
    .6842003694427143E+02   -.8559478283072727E+02    .9915251341516046E-01
    .6889583850932557E+02   -.8459953599565479E+02    .9817558531675821E-01
    .6938981736130482E+02   -.8355372534708118E+02    .9713018606575301E-01
    .6990079270324603E+02   -.8245797594923374E+02    .9601570336424349E-01
    .7042754311006794E+02   -.8131294271403419E+02    .9483168895493123E-01
    .7096880944825355E+02   -.8011931000964580E+02    .9357909153216010E-01
    .7152329788566634E+02   -.7887779125142120E+02    .9226046614234971E-01
    .7208968298430710E+02   -.7758912847549367E+02    .9088235091454548E-01
    .7266661086861919E+02   -.7625409189526529E+02    .8944783182000374E-01
    .7325270246176891E+02   -.7487347944105618E+02    .8795722231677119E-01
    .7384655678216603E+02   -.7344811628318922E+02    .8641086292185074E-01
    .7444675429234411E+02   -.7197885433879517E+02    .8480913442568137E-01
    .7505186029219605E+02   -.7046657176263223E+02    .8315246450893661E-01
    .7566042834845386E+02   -.6891217242222466E+02    .8144133248108515E-01
    .7627100375221470E+02   -.6731658535763354E+02    .7967627315819618E-01
    .7688212699624879E+02   -.6568076422618289E+02    .7785788021954108E-01
    .7749233726377697E+02   -.6400568673247237E+02    .7598680917337586E-01
    .7810017592037842E+02   -.6229235404401792E+02    .7406377998212700E-01
    .7870419000068161E+02   -.6054179019286879E+02    .7208957936217407E-01
    .7930293568150404E+02   -.5875504146355916E+02    .7006506275712664E-01
    .7989498173313865E+02   -.5693317576775981E+02    .6799115597592725E-01
    .8047891294053692E+02   -.5507728200600365E+02    .6586885648425538E-01
    .8105333348621076E+02   -.5318846941686670E+02    .6369923433753678E-01
    .8161687028676705E+02   -.5126786691399323E+02    .6148343274541076E-01
    .8216817627509880E+02   -.4931662241136170E+02    .5922266826024878E-01
    .8270593362038754E+02   -.4733590213719426E+02    .5691823058581064E-01
    .8322885687821994E+02   -.4532688993692036E+02    .5457148200619425E-01
    .8373569606328857E+02   -.4329078656561077E+02    .5218385643958151E-01
    .8422523963733174E+02   -.4122880897030492E+02    .4975685812578207E-01
    .8469631740517057E+02   -.3914218956266077E+02    .4729205996100302E-01
    .8514780331192016E+02   -.3703217548236154E+02    .4479110149748854E-01
    .8557861813468870E+02   -.3490002785171979E+02    .4225568662954875E-01
    .8598773206233044E+02   -.3274702102192438E+02    .3968758099088487E-01
    .8637416715708565E+02   -.3057444181138068E+02    .3708860909098469E-01
    .8673699969222355E+02   -.2838358873659936E+02    .3446065122066327E-01
    .8707536236010029E+02   -.2617577123609339E+02    .3180564015867185E-01
    .8738844634535378E+02   -.2395230888774710E+02    .2912555771291323E-01
    .8767550325827987E+02   -.2171453062012529E+02    .2642243113180458E-01
    .8793584692376814E+02   -.1946377391819324E+02    .2369832942499216E-01
    .8816885502152113E+02   -.1720138402392306E+02    .2095535964095576E-01
    .8837397057363646E+02   -.1492871313226357E+02    .1819566316956868E-01
    .8855070327599562E+02   -.1264711958295459E+02    .1542141219113796E-01
    .8869863067027723E+02   -.1035796704866853E+02    .1263480654495553E-01
    .8881739915379286E+02   -.8062623719964686E+01    .9838071780284610E-02
    .8890672482473197E+02   -.5762461487543082E+01    .7033461095245097E-02
    .8896639416079501E+02   -.3458855122286984E+01    .4223274610546621E-02
    .8899626452959299E+02   -.1153181453583893E+01    .1410025819299870E-02
    .8899626452959299E+02    .1153181453583893E+01   -.1410025819299870E-02
    .8896639416079501E+02    .3458855122286984E+01   -.4223274610546621E-02
    .8890672482473197E+02    .5762461487543082E+01   -.7033461095245097E-02
    .8881739915379286E+02    .8062623719964686E+01   -.9838071780284610E-02
    .8869863067027723E+02    .1035796704866853E+02   -.1263480654495553E-01
    .8855070327599562E+02    .1264711958295458E+02   -.1542141219113796E-01
    .8837397057363646E+02    .1492871313226357E+02   -.1819566316956868E-01
    .8816885502152113E+02    .1720138402392306E+02   -.2095535964095576E-01
    .8793584692376814E+02    .1946377391819325E+02   -.2369832942499216E-01
    .8767550325827987E+02    .2171453062012529E+02   -.2642243113180458E-01
    .8738844634535378E+02    .2395230888774710E+02   -.2912555771291323E-01
    .8707536236010029E+02    .2617577123609339E+02   -.3180564015867185E-01
    .8673699969222355E+02    .2838358873659936E+02   -.3446065122066327E-01
    .8637416715708565E+02    .3057444181138068E+02   -.3708860909098469E-01
    .8598773206233044E+02    .3274702102192438E+02   -.3968758099088487E-01
    .8557861813468870E+02    .3490002785171979E+02   -.4225568662954875E-01
    .8514780331192016E+02    .3703217548236154E+02   -.4479110149748854E-01
    .8469631740517057E+02    .3914218956266077E+02   -.4729205996100302E-01
    .8422523963733174E+02    .4122880897030492E+02   -.4975685812578207E-01
    .8373569606328856E+02    .4329078656561077E+02   -.5218385643958151E-01
    .8322885687821994E+02    .4532688993692036E+02   -.5457148200619425E-01
    .8270593362038754E+02    .4733590213719425E+02   -.5691823058581064E-01
    .8216817627509880E+02    .4931662241136170E+02   -.5922266826024878E-01
    .8161687028676705E+02    .5126786691399324E+02   -.6148343274541076E-01
    .8105333348621076E+02    .5318846941686670E+02   -.6369923433753678E-01
    .8047891294053690E+02    .5507728200600366E+02   -.6586885648425538E-01
    .7989498173313866E+02    .5693317576775979E+02   -.6799115597592725E-01
    .7930293568150404E+02    .5875504146355917E+02   -.7006506275712664E-01
    .7870419000068161E+02    .6054179019286880E+02   -.7208957936217407E-01
    .7810017592037842E+02    .6229235404401794E+02   -.7406377998212700E-01
    .7749233726377699E+02    .6400568673247236E+02   -.7598680917337586E-01
    .7688212699624879E+02    .6568076422618289E+02   -.7785788021954108E-01
    .7627100375221470E+02    .6731658535763354E+02   -.7967627315819618E-01
    .7566042834845385E+02    .6891217242222467E+02   -.8144133248108515E-01
    .7505186029219605E+02    .7046657176263224E+02   -.8315246450893661E-01
    .7444675429234411E+02    .7197885433879516E+02   -.8480913442568137E-01
    .7384655678216603E+02    .7344811628318922E+02   -.8641086292185074E-01
    .7325270246176891E+02    .7487347944105618E+02   -.8795722231677119E-01
    .7266661086861919E+02    .7625409189526529E+02   -.8944783182000374E-01
    .7208968298430710E+02    .7758912847549367E+02   -.9088235091454548E-01
    .7152329788566632E+02    .7887779125142121E+02   -.9226046614234971E-01
    .7096880944825354E+02    .8011931000964582E+02   -.9357909153216010E-01
    .7042754311006793E+02    .8131294271403421E+02   -.9483168895493123E-01
    .6990079270324603E+02    .8245797594923376E+02   -.9601570336424349E-01
    .6938981736130484E+02    .8355372534708117E+02   -.9713018606575301E-01
    .6889583850932557E+02    .8459953599565479E+02   -.9817558531675821E-01
    .6842003694427144E+02    .8559478283072725E+02   -.9915251341516046E-01
    .6796355001241670E+02    .8653887100938887E+02   -.1000619747944890E+00
    .6752746889063182E+02    .8743123626562227E+02   -.1009052952079294E+00
    .6711283597801867E+02    .8827134524762467E+02   -.1016846765968302E+00
    .6672064240412369E+02    .8905869583668941E+02   -.1024017942395850E+00
    .6635182565967304E+02    .8979281744747956E+02   -.1030587899396872E+00
    .6600726735547022E+02    .9047327130955638E+02   -.1036574778114384E+00
    .6568779111477198E+02    .9109965073007234E+02   -.1041981028205901E+00
    .6539416060409860E+02    .9167158133762553E+02   -.1046849186283230E+00
    .6512707770701658E+02    .9218872130744677E+02   -.1051187035122655E+00
    .6488718084488542E+02    .9265076156848785E+02   -.1055006632889073E+00
    .6467504344768679E+02    .9305742599397156E+02   -.1058324441889862E+00
    .6449117257621995E+02    .9340847157975388E+02   -.1061174649447636E+00
    .6433600769182831E+02    .9370368862381626E+02   -.1063534640757218E+00
    .6420991955123229E+02    .9394290095457612E+02   -.1065447587080820E+00
    .6411320911467942E+02    .9412596642358642E+02   -.1066953077467973E+00
    .6404610572412886E+02    .9425277906889599E+02   -.1068070541265409E+00
    .6400875483603761E+02    .9432329128253851E+02   -.1068764519290120E+00
   -.2499999930110229E+02    .8360010258165617E-02   -.9756809215993712E-03
   -.2499998097637591E+02    .4361607970801024E-01   -.5083714464857087E-02
   -.2499988546219778E+02    .1070223351522506E+00   -.1247113881537260E-01
   -.2499960575922843E+02    .1985549726328958E+00   -.2313223619899235E-01
   -.2499898773570933E+02    .3181610112305419E+00   -.3705259470150341E-01
   -.2499783058887638E+02    .4657693767970050E+00   -.5420611095100013E-01
   -.2499588744591726E+02    .6412919836343622E+00   -.7454962267769667E-01
   -.2499286610330982E+02    .8446239808445177E+00   -.9801637375764613E-01
   -.2498842990272495E+02    .1075643866484201E+01   -.1245086065127719E+00
   -.2498219874130119E+02    .1334213577311191E+01   -.1538896086852412E+00
   -.2497375021375503E+02    .1620178577965171E+01   -.1859756558778393E+00
   -.2496262088345774E+02    .1933367956242722E+01   -.2205284249830927E+00
   -.2494830767928427E+02    .2273594526641300E+01   -.2572485900817681E+00
   -.2493026941472259E+02    .2640654942952703E+01   -.2957714275687218E+00
   -.2490792842542305E+02    .3034329820190094E+01   -.3356653243070125E+00
   -.2488067232106772E+02    .3454383865934425E+01   -.3764340697382515E+00
   -.2484785584715052E+02    .3900566021098488E+01   -.4175236885988139E+00
   -.2480880285197980E+02    .4372609610063557E+01   -.4583343106979707E+00
   -.2476280835394775E+02    .4870232500120025E+01   -.4982371691835071E+00
   -.2470914070385553E+02    .5393137270128294E+01   -.5365962844009294E+00
   -.2464704383684018E+02    .5941011388305996E+01   -.5727937735584170E+00
   -.2457573960821964E+02    .6513527399039364E+01   -.6062571062230564E+00
   -.2449443020735643E+02    .7110343118609489E+01   -.6364861072589540E+00
   -.2440230064343906E+02    .7731101839718169E+01   -.6630772065598661E+00
   -.2429852129689314E+02    .8375432544692030E+01   -.6857424476923406E+00
   -.2418225052996282E+02    .9042950127238246E+01   -.7043211502943014E+00
   -.2405263734984743E+02    .9733255622619668E+01   -.7187828607242247E+00
   -.2390882411763785E+02    .1044593644611218E+02   -.7292212303149657E+00
   -.2374994929617420E+02    .1118056663960193E+02   -.7358395699105180E+00
   -.2357515022983917E+02    .1193670712617524E+02   -.7389298446713686E+00
   -.2338356594921182E+02    .1271390597254903E+02   -.7388476047807261E+00
   -.2317433999343375E+02    .1351169865918513E+02   -.7359856635508045E+00
   -.2294662324308429E+02    .1432960835792700E+02   -.7307491948743391E+00
   -.2269957675632356E+02    .1516714621699295E+02   -.7235343887047643E+00
   -.2243237460104192E+02    .1602381165315567E+02   -.7147120186678891E+00
   -.2214420667575174E+02    .1689909265093326E+02   -.7046164201858075E+00
   -.2183428151197250E+02    .1779246606861313E+02   -.6935396187848329E+00
   -.2150182905089300E+02    .1870339795092592E+02   -.6817298027795998E+00
   -.2114610338714436E+02    .1963134384818228E+02   -.6693930480037090E+00
   -.2076638547258569E+02    .2057574914168208E+02   -.6566971549120605E+00
   -.2036198577308882E+02    .2153604937520152E+02   -.6437765868419639E+00
   -.1993224687141085E+02    .2251167059235977E+02   -.6307377233713567E+00
   -.1947654600936200E+02    .2350202967966384E+02   -.6176638932149957E+00
   -.1899429756261203E+02    .2450653471502646E+02   -.6046198769102080E+00
   -.1848495544162984E+02    .2552458532154862E+02   -.5916557449284386E+00
   -.1794801541241894E+02    .2655557302635561E+02   -.5788100160473565E+00
   -.1738301733089443E+02    .2759888162427161E+02   -.5661121906226917E+00
   -.1678954728494539E+02    .2865388754611600E+02   -.5535847460584640E+00
   -.1616723963843950E+02    .2971996023140089E+02   -.5412446899792561E+00
   -.1551577897165363E+02    .3079646250520726E+02   -.5291047608488982E+00
   -.1483490191285464E+02    .3188275095901443E+02   -.5171743535222337E+00
   -.1412439885600809E+02    .3297817633525528E+02   -.5054602331409870E+00
   -.1338411555985859E+02    .3408208391536733E+02   -.4939670874471246E+00
   -.1261395462390316E+02    .3519381391110779E+02   -.4826979561278211E+00
   -.1181387683706743E+02    .3631270185889858E+02   -.4716545665259631E+00
   -.1098390239519414E+02    .3743807901696594E+02   -.4608375978151152E+00
   -.1012411198376192E+02    .3856927276503679E+02   -.4502468902352508E+00
   -.9234647722570221E+01    .3970560700635338E+02   -.4398816118624696E+00
   -.8315713969452531E+01    .4084640257176569E+02   -.4297403923219135E+00
   -.7367577980412953E+01    .4199097762566031E+02   -.4198214305815883E+00
   -.6390570423922075E+01    .4313864807348270E+02   -.4101225822792646E+00
   -.5385085747453118E+01    .4428872797060995E+02   -.4006414307787226E+00
   -.4351582394691064E+01    .4544052993232906E+02   -.3913753452103923E+00
   -.3290582872201981E+01    .4659336554467601E+02   -.3823215280414253E+00
   -.2202673664708403E+01    .4774654577589001E+02   -.3734770541801589E+00
   -.1088504998477443E+01    .4889938138823696E+02   -.3648389032061715E+00
    .5120954730920246E-01    .5005118334995608E+02   -.3564039859970601E+00
    .1215693580971262E+01    .5120126324708333E+02   -.3481691667738872E+00
    .2404108589936353E+01    .5234893369490572E+02   -.3401312813912494E+00
    .3615554782579771E+01    .5349350874880032E+02   -.3322871525425811E+00
    .4849072078979965E+01    .5463430431421266E+02   -.3246336024275324E+00
    .6103641248914851E+01    .5577063855552925E+02   -.3171674633286702E+00
    .7378185195070273E+01    .5690183230360010E+02   -.3098855864642445E+00
    .8671570379082283E+01    .5802720946166745E+02   -.3027848494186484E+00
    .9982608387691229E+01    .5914609740945824E+02   -.2958621623995373E+00
    .1131005763594715E+02    .6025782740519870E+02   -.2891144735278057E+00
    .1265262520407510E+02    .6136173498531075E+02   -.2825387733336329E+00
    .1400896880428573E+02    .6245716036155160E+02   -.2761320986064575E+00
    .1537769887350120E+02    .6354344881535877E+02   -.2698915357298774E+00
    .1675738078766095E+02    .6461995108916514E+02   -.2638142236241107E+00
    .1814653719297615E+02    .6568602377445004E+02   -.2578973564183570E+00
    .1954365044921654E+02    .6674102969629442E+02   -.2521381859838053E+00
    .2094716517983961E+02    .6778433829421041E+02   -.2465340244713930E+00
    .2235549092351041E+02    .6881532599901740E+02   -.2410822470106199E+00
    .2376700488131122E+02    .6983337660553958E+02   -.2357802947184987E+00
    .2518005475370466E+02    .7083788164090218E+02   -.2306256781029080E+00
    .2659296166109149E+02    .7182824072820625E+02   -.2256159807383866E+00
    .2800402314159696E+02    .7280386194536452E+02   -.2207488625823441E+00
    .2941151621952694E+02    .7376416217888395E+02   -.2160220612014231E+00
    .3081370053775717E+02    .7470856747238376E+02   -.2114333870788252E+00
    .3220882154715746E+02    .7563651336964011E+02   -.2069807056349149E+00
    .3359511374600726E+02    .7654744525195289E+02   -.2026618934647889E+00
    .3497080396222945E+02    .7744081866963279E+02   -.1984747502738745E+00
    .3633411467115754E+02    .7831609966741037E+02   -.1944168432598598E+00
    .3768326734145559E+02    .7917276510357308E+02   -.1904852611749074E+00
    .3901648580173286E+02    .8001030296263905E+02   -.1866762659158015E+00
    .4033199962033416E+02    .8082821266138090E+02   -.1829848539461097E+00
    .4162804749074502E+02    .8162600534801700E+02   -.1794042775267652E+00
    .4290288061502464E+02    .8240320419439080E+02   -.1759256190612772E+00
    .4415476607767393E+02    .8315934468096410E+02   -.1725375464050838E+00
    .4538199020235493E+02    .8389397487445385E+02   -.1692263854162901E+00
    .4658286188390841E+02    .8460665569794637E+02   -.1659766153188975E+00
    .4775571588816068E+02    .8529696119332780E+02   -.1627718212331601E+00
    .4889891611207690E+02    .8596447877587400E+02   -.1595960402458591E+00
    .5001085879689803E+02    .8660880948084787E+02   -.1564353385816223E+00
    .5108997568699790E+02    .8722956820195655E+02   -.1532793871901037E+00
    .5213473712731397E+02    .8782638392152666E+02   -.1501227834255754E+00
    .5314365509233724E+02    .8839889993226004E+02   -.1469659041057503E+00
    .5411528613979621E+02    .8894677405043772E+02   -.1438151594534972E+00
    .5504823428233763E+02    .8946967882044601E+02   -.1406826249497541E+00
    .5594115377068582E+02    .8996730171050247E+02   -.1375851315881206E+00
    .5679275178196323E+02    .9043934529946755E+02   -.1345429717058884E+00
    .5760179100706597E+02    .9088552745463161E+02   -.1315784151181497E+00
    .5836709213121793E+02    .9130558150037594E+02   -.1287142280754828E+00
    .5908753620207258E+02    .9169925637761332E+02   -.1259723542922862E+00
    .5976206687999310E+02    .9206631679392474E+02   -.1233728664189416E+00
    .6038969256542566E+02    .9240654336432331E+02   -.1209332413350875E+00
    .6096948839859330E+02    .9271973274260085E+02   -.1186679636762730E+00
    .6150059812709677E+02    .9300569774325483E+02   -.1165884248306240E+00
    .6198223583746507E+02    .9326426745408183E+02   -.1147030612891955E+00
    .6241368754737091E+02    .9349528733972151E+02   -.1130176660837571E+00
    .6279431265647226E+02    .9369861933693167E+02   -.1115358076449891E+00
    .6312354525678894E+02    .9387414194376902E+02   -.1102592982859679E+00
    .6340089531231028E+02    .9402175030933549E+02   -.1091886660805816E+00
    .6362594975028533E+02    .9414135634793314E+02   -.1083235961783106E+00
    .6379837366537321E+02    .9423288898541379E+02   -.1076633182317008E+00
    .6391791296151064E+02    .9429629524085803E+02   -.1072069213808645E+00
    .6398441572609246E+02    .9433155131030787E+02   -.1069535239805536E+00
