   -.2499999999993720E+00   -.7924875385919254E-06    .5225396618087301E-05
   -.2499999999860808E+00   -.3730845015678604E-05    .1408816783930181E-04
   -.2499999999199895E+00   -.8944858041393560E-05    .2981484675476445E-04
   -.2499999997338695E+00   -.1631350510399304E-04    .5204040425680178E-04
   -.2499999993413479E+00   -.2566421877380189E-04    .8024433671493614E-04
   -.2499999986473889E+00   -.3677786199672659E-04    .1137656756288712E-03
   -.2499999975602374E+00   -.4939395257054805E-04    .1518187458638901E-03
   -.2499999960036381E+00   -.6321678517134413E-04    .1935116311119703E-03
   -.2499999939281047E+00   -.7792236688170265E-04    .2378670930721605E-03
   -.2499999913200941E+00   -.9316601282056227E-04    .2838454816595374E-03
   -.2499999882081194E+00   -.1085904258869015E-03    .3303691054185639E-03
   -.2499999846651227E+00   -.1238340718257611E-03    .3763474927001882E-03
   -.2499999808067644E+00   -.1385396535361196E-03    .4207029521704499E-03
   -.2499999767856728E+00   -.1523624861369157E-03    .4623958339765404E-03
   -.2499999727820692E+00   -.1649785767107371E-03    .5004489001383839E-03
   -.2499999689915301E+00   -.1760922199336618E-03    .5339702347277625E-03
   -.2499999656109184E+00   -.1854429336034707E-03    .5621741630126967E-03
   -.2499999628236944E+00   -.1928115806660702E-03    .5843997168820087E-03
   -.2499999607858643E+00   -.1980255936917851E-03    .6001263930436576E-03
   -.2499999596134903E+00   -.2009639511688718E-03    .6089891626461180E-03
   -.2499995146275708E+00   -.6966867511356152E-03    .2104203195745959E-02
   -.2499921067891639E+00   -.2809485866864004E-02    .8476798639681659E-02
   -.2499563248942584E+00   -.6608714378876344E-02    .1993494740814735E-01
   -.2498537827623559E+00   -.1209203198987347E-01    .3646719424321334E-01
   -.2496292470766191E+00   -.1925494542658815E-01    .5804782393189712E-01
   -.2492108690545569E+00   -.2809147460428382E-01    .8463259567514822E-01
   -.2485104861881949E+00   -.3859421992740784E-01    .1161508255908161E+00
   -.2474239929002781E+00   -.5075438010380853E-01    .1524955157947243E+00
   -.2458317788087421E+00   -.6456176260959687E-01    .1935116836213044E+00
   -.2435992330553367E+00   -.8000479326054968E-01    .2389829195937708E+00
   -.2405773129210287E+00   -.9707052631448611E-01    .2886161843165724E+00
   -.2366031747235206E+00   -.1157446554985559E+00    .3420248907108571E+00
   -.2315008647717587E+00   -.1360115260859949E+00    .3987104411116584E+00
   -.2250820679393899E+00   -.1578541480627294E+00    .4580426498797912E+00
   -.2171469112144985E+00   -.1812542103938594E+00    .5192399363217579E+00
   -.2074848193872954E+00   -.2061920963875788E+00    .5813508607512580E+00
   -.1958754198514076E+00   -.2326469001482555E+00    .6432394993835325E+00
   -.1820894933186700E+00   -.2605964441072250E+00    .7035782402295616E+00
   -.1658899670824321E+00   -.2900172976178626E+00    .7608526575948947E+00
   -.1470329473109467E+00   -.3208847966000467E+00    .8133838911981862E+00
   -.1252687867109005E+00   -.3531730642179546E+00    .8593740126771209E+00
   -.1003431837720937E+00   -.3868550325740978E+00    .8969787547644357E+00
   -.7199830968808466E-01   -.4219024654015610E+00    .9244093247959239E+00
   -.3997395894471584E-01   -.4582859817355143E+00    .9400606819830741E+00
   -.4008719479156125E-02   -.4959750805442183E+00    .9426579076935332E+00
    .3615884176324041E-01   -.5349381662989101E+00    .9314059771041835E+00
    .8078898210810082E-01   -.5751425754611641E+00    .9061227421392908E+00
    .1301395795477904E+00   -.6165546038655380E+00    .8673319993873436E+00
    .1844649265664883E+00   -.6591395349745669E+00    .8162947905644679E+00
    .2440145257247523E+00   -.7028616689824195E+00    .7549635281047201E+00
    .3090318913364710E+00   -.7476843527428343E+00    .6858548593666723E+00
    .3797533615590045E+00   -.7935700104962413E+00    .6118515357410174E+00
    .4564069251905286E+00   -.8404801753703228E+00    .5359577538851533E+00
    .5392110674271099E+00   -.8883755216275997E+00    .4610427431007765E+00
    .6283736387760659E+00   -.9372158976330192E+00    .3896106617001588E+00
    .7240907512518094E+00   -.9869603595139014E+00    .3236297922294475E+00
    .8265457058959438E+00   -.1037567205484032E+01    .2644416739961160E+00
    .9359079555650764E+00   -.1088994010803125E+01    .2127544762149224E+00
    .1052332106818045E+01   -.1141197663342352E+01    .1687090303529283E+00
    .1175956964609262E+01   -.1194134399726120E+01    .1319945576696719E+00
    .1306904623357276E+01   -.1247759842019800E+01    .1019865793780115E+00
    .1445279607807654E+01   -.1302029034932652E+01    .7788179213228896E-01
    .1591168066947588E+01   -.1356896483504762E+01    .5881184515508597E-01
    .1744637024056696E+01   -.1412316191246385E+01    .4392699946642611E-01
    .1905733685794827E+01   -.1468241698697741E+01    .3244881502091592E-01
    .2074484813034073E+01   -.1524626122376917E+01    .2369656855714788E-01
    .2250896155939058E+01   -.1581422194083243E+01    .1709461178124243E-01
    .2434951955587840E+01   -.1638582300523181E+01    .1216790031561845E-01
    .2626614514205904E+01   -.1696058523225512E+01    .8531489393766283E-02
    .2825823835858649E+01   -.1753802678712360E+01    .5877897127187567E-02
    .3032497339214146E+01   -.1811766358892378E+01    .3964548892108981E-02
    .3246529643748553E+01   -.1869900971642229E+01    .2602324665307722E-02
    .3467792430522302E+01   -.1928157781542346E+01    .1645539797839354E-02
    .3696134378406676E+01   -.1986487950732819E+01    .9833650743018988E-03
    .3931381176388719E+01   -.2044842579855163E+01    .5325777014888124E-03
    .4173335612328178E+01   -.2103172749045636E+01    .2315129530743150E-03
    .4421777738284431E+01   -.2161429558945753E+01    .3509026678522738E-04
    .4676465112274791E+01   -.2219564171695604E+01   -.8920846281596214E-04
    .4937133116069186E+01   -.2277527851875622E+01   -.1645308712605817E-03
    .5203495348370742E+01   -.2335272007362470E+01   -.2071394849784683E-03
    .5475244092478238E+01   -.2392748230064801E+01   -.2283106949861184E-03
    .5752050857275417E+01   -.2449908336504739E+01   -.2357597834602846E-03
    .6033566990144788E+01   -.2506704408211065E+01   -.2346923942665915E-03
    .6319424360160481E+01   -.2563088831890241E+01   -.2285683001319488E-03
    .6609236109676901E+01   -.2619014339341597E+01   -.2196481565643640E-03
    .6902597472197932E+01   -.2674434047083220E+01   -.2093795881256343E-03
    .7199086654186419E+01   -.2729301495655330E+01   -.1986662961447247E-03
    .7498265778255943E+01   -.2783570688568182E+01   -.1880532753617272E-03
    .7799681884977518E+01   -.2837196130861862E+01   -.1778526943548321E-03
    .8102867990333445E+01   -.2890132867245630E+01   -.1682283406496624E-03
    .8407344195659665E+01   -.2942336519784857E+01   -.1592514748165028E-03
    .8712618846737458E+01   -.2993763325103950E+01   -.1509371791614032E-03
    .9018189738525626E+01   -.3044370171074080E+01   -.1432675481526825E-03
    .9323545361866024E+01   -.3094114632954963E+01   -.1362061108365866E-03
    .9628166188349157E+01   -.3142955008960382E+01   -.1297065038948335E-03
    .9931525989392661E+01   -.3190850355217659E+01   -.1237174699836740E-03
    .1023309318546474E+02   -.3237760520091741E+01   -.1181856142234279E-03
    .1053233222127705E+02   -.3283646177845148E+01   -.1130569135387946E-03
    .1082870496267783E+02   -.3328468861605562E+01   -.1082776634907082E-03
    .1112167211089620E+02   -.3372190995613415E+01   -.1037953114543828E-03
    .1141069462972312E+02   -.3414775926722444E+01   -.9955943059227116E-04
    .1169523518116370E+02   -.3456187955126818E+01   -.9552292232622836E-04
    .1197475956505892E+02   -.3496392364289072E+01   -.9164339719623160E-04
    .1224873815815415E+02   -.3535355450043764E+01   -.8788458466552528E-04
    .1251664734808433E+02   -.3573044548852467E+01   -.8421757164703714E-04
    .1277797095775539E+02   -.3609428065186421E+01   -.8062167115081094E-04
    .1303220165562355E+02   -.3644475498013884E+01   -.7708477064633544E-04
    .1327884234741358E+02   -.3678157466370027E+01   -.7360308944035471E-04
    .1351740754486926E+02   -.3710445733987935E+01   -.7018036516881205E-04
    .1374742470719733E+02   -.3741313232970120E+01   -.6682657102839345E-04
    .1396843555094787E+02   -.3770734086480757E+01   -.6355632224242365E-04
    .1417999732417074E+02   -.3798683630439727E+01   -.6038715493194383E-04
    .1438168404079711E+02   -.3825138434200403E+01   -.5733785365890946E-04
    .1457308767131952E+02   -.3850076320194123E+01   -.5442697234104822E-04
    .1475381928598092E+02   -.3873476382525253E+01   -.5167164724857346E-04
    .1492351014683435E+02   -.3895319004501987E+01   -.4908675092951849E-04
    .1508181274519982E+02   -.3915585875089426E+01   -.4668439076463601E-04
    .1522840178122609E+02   -.3934260004273496E+01   -.4447372089669731E-04
    .1536297508246617E+02   -.3951325737327432E+01   -.4246101373668686E-04
    .1548525445860875E+02   -.3966768767978385E+01   -.4064992668981026E-04
    .1559498648980340E+02   -.3980576150484174E+01   -.3904189901177894E-04
    .1569194324646741E+02   -.3992736310660574E+01   -.3763661986269158E-04
    .1577592293935325E+02   -.4003239055983698E+01   -.3643251870178327E-04
    .1584675050104815E+02   -.4012075585161394E+01   -.3542724063111823E-04
    .1590427810861318E+02   -.4019238498598109E+01   -.3461808024159787E-04
    .1594838569786953E+02   -.4024721816209106E+01   -.3400235643146676E-04
    .1597898180776093E+02   -.4028521044721119E+01   -.3357771404279874E-04
    .1599600918308299E+02   -.4030633843836847E+01   -.3334228685513525E-04
    .1600008754836037E+02   -.4030422974896746E+01   -.3327980956094381E-04
    .1600046105724129E+02   -.4027409996426517E+01   -.3324837452405292E-04
    .1600113209114679E+02   -.4021991307233066E+01   -.3319253422613137E-04
    .1600209919551232E+02   -.4014168941599119E+01   -.3311405871408474E-04
    .1600336007691828E+02   -.4003947427266194E+01   -.3301532201270392E-04
    .1600491172576220E+02   -.3991332838220462E+01   -.3289867241493913E-04
    .1600675043447686E+02   -.3976332702252614E+01   -.3276579911260503E-04
    .1600887180844885E+02   -.3958955979904862E+01   -.3261754784544562E-04
    .1601127077707016E+02   -.3939213054715270E+01   -.3245402325471000E-04
    .1601394160604098E+02   -.3917115725548059E+01   -.3227485221773617E-04
    .1601687791114772E+02   -.3892677198972219E+01   -.3207946407142305E-04
    .1602007267355470E+02   -.3865912081119324E+01   -.3186728957450805E-04
    .1602351825659673E+02   -.3836836368834682E+01   -.3163786566849616E-04
    .1602720642404123E+02   -.3805467440055109E+01   -.3139087458567149E-04
    .1603112835978018E+02   -.3771824043389068E+01   -.3112613565717545E-04
    .1603527468890632E+02   -.3735926286891820E+01   -.3084357452231213E-04
    .1603963550012416E+02   -.3697795626035750E+01   -.3054319256090740E-04
    .1604420036944271E+02   -.3657454850879714E+01   -.3022504243049304E-04
    .1604895838509325E+02   -.3614928072443263E+01   -.2988920976350976E-04
    .1605389817361305E+02   -.3570240708292909E+01   -.2953580159494922E-04
    .1605900792703246E+02   -.3523419467348456E+01   -.2916494001977874E-04
    .1606427543110068E+02   -.3474492333918126E+01   -.2877675881706271E-04
    .1606968809448253E+02   -.3423488550971828E+01   -.2837140181988059E-04
    .1607523297885666E+02   -.3370438602662400E+01   -.2794902236439537E-04
    .1608089682984307E+02   -.3315374196105225E+01   -.2750978329456524E-04
    .1608666610868619E+02   -.3258328242427015E+01   -.2705385721199717E-04
    .1609252702461768E+02   -.3199334837095079E+01   -.2658142683833523E-04
    .1609846556782166E+02   -.3138429239538796E+01   -.2609268543560203E-04
    .1610446754292344E+02   -.3075647852075449E+01   -.2558783725093749E-04
    .1611051860292196E+02   -.3011028198153008E+01   -.2506709796096519E-04
    .1611660428348453E+02   -.2944608899922871E+01   -.2453069510440505E-04
    .1612271003752214E+02   -.2876429655155926E+01   -.2397886849866621E-04
    .1612882126996248E+02   -.2806531213515766E+01   -.2341187063490454E-04
    .1613492337263776E+02   -.2734955352203204E+01   -.2282996704586846E-04
    .1614100175920378E+02   -.2661744850986663E+01   -.2223343664247097E-04
    .1614704190000681E+02   -.2586943466633345E+01   -.2162257201527227E-04
    .1615302935681504E+02   -.2510595906756474E+01   -.2099767969705640E-04
    .1615894981733138E+02   -.2432747803094243E+01   -.2035908038323408E-04
    .1616478912940537E+02   -.2353445684236413E+01   -.1970710910717981E-04
    .1617053333486210E+02   -.2272736947814902E+01   -.1904211536787902E-04
    .1617616870286767E+02   -.2190669832174945E+01   -.1836446320767520E-04
    .1618168176275098E+02   -.2107293387543788E+01   -.1767453123831168E-04
    .1618705933620387E+02   -.2022657446714122E+01   -.1697271261384199E-04
    .1619228856878220E+02   -.1936812595259805E+01   -.1625941494937173E-04
    .1619735696063288E+02   -.1849810141301648E+01   -.1553506018498126E-04
    .1620225239637331E+02   -.1761702084841350E+01   -.1480008439455227E-04
    .1620696317405170E+02   -.1672541086681914E+01   -.1405493753957539E-04
    .1621147803311920E+02   -.1582380436953102E+01   -.1330008316835256E-04
    .1621578618134688E+02   -.1491274023260760E+01   -.1253599806131710E-04
    .1621987732062330E+02   -.1399276298479040E+01   -.1176317182348197E-04
    .1622374167157085E+02   -.1306442248204764E+01   -.1098210642529805E-04
    .1622736999692223E+02   -.1212827357893399E+01   -.1019331569347991E-04
    .1623075362360100E+02   -.1118487579696264E+01   -.9397324753686398E-05
    .1623388446345353E+02   -.1023479299018809E+01   -.8594669427415627E-05
    .1623675503258280E+02   -.9278593008199417E+00   -.7785895586261429E-05
    .1623935846923768E+02   -.8316847356725408E+00   -.6971558468090734E-05
    .1624168855021521E+02   -.7350130856054616E+00   -.6152221962322696E-05
    .1624373970573636E+02   -.6379021297474230E+00   -.5328457876481354E-05
    .1624550703275995E+02   -.5404099097933311E+00   -.4500845206151650E-05
    .1624698630670277E+02   -.4425946953136638E+00   -.3669969452043533E-05
    .1624817399153793E+02   -.3445149489276659E+00   -.2836422081014843E-05
    .1624906724824732E+02   -.2462292913611554E+00   -.2000800384871885E-05
    .1624966394160795E+02   -.1477964664098351E+00   -.1163708591551778E-05
    .1624996264529593E+02   -.4927530582904689E-01   -.3257646267792917E-06
    .1624996264529593E+02    .4927530582904643E-01    .3257646267792917E-06
    .1624966394160795E+02    .1477964664098351E+00    .1163708591551778E-05
    .1624906724824732E+02    .2462292913611554E+00    .2000800384871885E-05
    .1624817399153793E+02    .3445149489276659E+00    .2836422081014843E-05
    .1624698630670277E+02    .4425946953136634E+00    .3669969452043533E-05
    .1624550703275995E+02    .5404099097933307E+00    .4500845206151650E-05
    .1624373970573636E+02    .6379021297474230E+00    .5328457876481354E-05
    .1624168855021521E+02    .7350130856054611E+00    .6152221962322696E-05
    .1623935846923768E+02    .8316847356725412E+00    .6971558468090734E-05
    .1623675503258280E+02    .9278593008199417E+00    .7785895586261429E-05
    .1623388446345353E+02    .1023479299018809E+01    .8594669427415627E-05
    .1623075362360100E+02    .1118487579696264E+01    .9397324753686398E-05
    .1622736999692223E+02    .1212827357893399E+01    .1019331569347991E-04
    .1622374167157085E+02    .1306442248204764E+01    .1098210642529805E-04
    .1621987732062330E+02    .1399276298479040E+01    .1176317182348197E-04
    .1621578618134688E+02    .1491274023260760E+01    .1253599806131710E-04
    .1621147803311920E+02    .1582380436953102E+01    .1330008316835256E-04
    .1620696317405170E+02    .1672541086681914E+01    .1405493753957539E-04
    .1620225239637331E+02    .1761702084841350E+01    .1480008439455227E-04
    .1619735696063288E+02    .1849810141301648E+01    .1553506018498126E-04
    .1619228856878220E+02    .1936812595259805E+01    .1625941494937173E-04
    .1618705933620387E+02    .2022657446714122E+01    .1697271261384199E-04
    .1618168176275098E+02    .2107293387543788E+01    .1767453123831168E-04
    .1617616870286767E+02    .2190669832174946E+01    .1836446320767520E-04
    .1617053333486210E+02    .2272736947814902E+01    .1904211536787902E-04
    .1616478912940537E+02    .2353445684236413E+01    .1970710910717981E-04
    .1615894981733138E+02    .2432747803094242E+01    .2035908038323408E-04
    .1615302935681504E+02    .2510595906756475E+01    .2099767969705640E-04
    .1614704190000681E+02    .2586943466633345E+01    .2162257201527227E-04
    .1614100175920378E+02    .2661744850986664E+01    .2223343664247097E-04
    .1613492337263776E+02    .2734955352203204E+01    .2282996704586846E-04
    .1612882126996248E+02    .2806531213515766E+01    .2341187063490454E-04
    .1612271003752214E+02    .2876429655155925E+01    .2397886849866621E-04
    .1611660428348453E+02    .2944608899922871E+01    .2453069510440505E-04
    .1611051860292196E+02    .3011028198153008E+01    .2506709796096519E-04
    .1610446754292344E+02    .3075647852075449E+01    .2558783725093749E-04
    .1609846556782166E+02    .3138429239538796E+01    .2609268543560203E-04
    .1609252702461768E+02    .3199334837095079E+01    .2658142683833523E-04
    .1608666610868619E+02    .3258328242427015E+01    .2705385721199717E-04
    .1608089682984307E+02    .3315374196105225E+01    .2750978329456524E-04
    .1607523297885666E+02    .3370438602662400E+01    .2794902236439537E-04
    .1606968809448253E+02    .3423488550971828E+01    .2837140181988059E-04
    .1606427543110068E+02    .3474492333918126E+01    .2877675881706271E-04
    .1605900792703246E+02    .3523419467348456E+01    .2916494001977874E-04
    .1605389817361305E+02    .3570240708292908E+01    .2953580159494922E-04
    .1604895838509325E+02    .3614928072443263E+01    .2988920976350976E-04
    .1604420036944271E+02    .3657454850879714E+01    .3022504243049304E-04
    .1603963550012416E+02    .3697795626035751E+01    .3054319256090740E-04
    .1603527468890632E+02    .3735926286891820E+01    .3084357452231213E-04
    .1603112835978018E+02    .3771824043389068E+01    .3112613565717545E-04
    .1602720642404123E+02    .3805467440055109E+01    .3139087458567149E-04
    .1602351825659673E+02    .3836836368834683E+01    .3163786566849616E-04
    .1602007267355470E+02    .3865912081119325E+01    .3186728957450805E-04
    .1601687791114772E+02    .3892677198972219E+01    .3207946407142305E-04
    .1601394160604098E+02    .3917115725548059E+01    .3227485221773617E-04
    .1601127077707016E+02    .3939213054715270E+01    .3245402325471000E-04
    .1600887180844885E+02    .3958955979904862E+01    .3261754784544562E-04
    .1600675043447686E+02    .3976332702252614E+01    .3276579911260503E-04
    .1600491172576220E+02    .3991332838220462E+01    .3289867241493913E-04
    .1600336007691828E+02    .4003947427266195E+01    .3301532201270392E-04
    .1600209919551232E+02    .4014168941599119E+01    .3311405871408474E-04
    .1600113209114679E+02    .4021991307233067E+01    .3319253422613137E-04
    .1600046105724129E+02    .4027409996426517E+01    .3324837452405292E-04
    .1600008754836037E+02    .4030422974896746E+01    .3327980956094381E-04
   -.2499999999993720E+00    .7924875385919254E-06   -.5225396618087301E-05
   -.2499999999860808E+00    .3730845015678604E-05   -.1408816783930181E-04
   -.2499999999199895E+00    .8944858041393560E-05   -.2981484675476445E-04
   -.2499999997338695E+00    .1631350510399304E-04   -.5204040425680178E-04
   -.2499999993413479E+00    .2566421877380189E-04   -.8024433671493614E-04
   -.2499999986473889E+00    .3677786199672659E-04   -.1137656756288712E-03
   -.2499999975602374E+00    .4939395257054805E-04   -.1518187458638901E-03
   -.2499999960036381E+00    .6321678517134413E-04   -.1935116311119703E-03
   -.2499999939281047E+00    .7792236688170265E-04   -.2378670930721605E-03
   -.2499999913200941E+00    .9316601282056227E-04   -.2838454816595374E-03
   -.2499999882081194E+00    .1085904258869015E-03   -.3303691054185639E-03
   -.2499999846651227E+00    .1238340718257611E-03   -.3763474927001882E-03
   -.2499999808067644E+00    .1385396535361196E-03   -.4207029521704499E-03
   -.2499999767856728E+00    .1523624861369157E-03   -.4623958339765404E-03
   -.2499999727820692E+00    .1649785767107371E-03   -.5004489001383839E-03
   -.2499999689915301E+00    .1760922199336618E-03   -.5339702347277625E-03
   -.2499999656109184E+00    .1854429336034707E-03   -.5621741630126967E-03
   -.2499999628236944E+00    .1928115806660702E-03   -.5843997168820087E-03
   -.2499999607858643E+00    .1980255936917851E-03   -.6001263930436576E-03
   -.2499999596134903E+00    .2009639511688718E-03   -.6089891626461180E-03
   -.2499995146275708E+00    .6966867511356152E-03   -.2104203195745959E-02
   -.2499921067891639E+00    .2809485866864004E-02   -.8476798639681659E-02
   -.2499563248942584E+00    .6608714378876344E-02   -.1993494740814735E-01
   -.2498537827623559E+00    .1209203198987347E-01   -.3646719424321334E-01
   -.2496292470766191E+00    .1925494542658815E-01   -.5804782393189712E-01
   -.2492108690545569E+00    .2809147460428382E-01   -.8463259567514822E-01
   -.2485104861881949E+00    .3859421992740784E-01   -.1161508255908161E+00
   -.2474239929002781E+00    .5075438010380853E-01   -.1524955157947243E+00
   -.2458317788087421E+00    .6456176260959687E-01   -.1935116836213044E+00
   -.2435992330553367E+00    .8000479326054968E-01   -.2389829195937708E+00
   -.2405773129210287E+00    .9707052631448611E-01   -.2886161843165724E+00
   -.2366031747235206E+00    .1157446554985559E+00   -.3420248907108571E+00
   -.2315008647717587E+00    .1360115260859949E+00   -.3987104411116584E+00
   -.2250820679393899E+00    .1578541480627294E+00   -.4580426498797912E+00
   -.2171469112144985E+00    .1812542103938594E+00   -.5192399363217579E+00
   -.2074848193872954E+00    .2061920963875788E+00   -.5813508607512580E+00
   -.1958754198514076E+00    .2326469001482555E+00   -.6432394993835325E+00
   -.1820894933186700E+00    .2605964441072250E+00   -.7035782402295616E+00
   -.1658899670824321E+00    .2900172976178626E+00   -.7608526575948947E+00
   -.1470329473109467E+00    .3208847966000467E+00   -.8133838911981862E+00
   -.1252687867109005E+00    .3531730642179546E+00   -.8593740126771209E+00
   -.1003431837720937E+00    .3868550325740978E+00   -.8969787547644357E+00
   -.7199830968808466E-01    .4219024654015610E+00   -.9244093247959239E+00
   -.3997395894471584E-01    .4582859817355143E+00   -.9400606819830741E+00
   -.4008719479156125E-02    .4959750805442183E+00   -.9426579076935332E+00
    .3615884176324041E-01    .5349381662989101E+00   -.9314059771041835E+00
    .8078898210810082E-01    .5751425754611641E+00   -.9061227421392908E+00
    .1301395795477904E+00    .6165546038655380E+00   -.8673319993873436E+00
    .1844649265664883E+00    .6591395349745669E+00   -.8162947905644679E+00
    .2440145257247523E+00    .7028616689824195E+00   -.7549635281047201E+00
    .3090318913364710E+00    .7476843527428343E+00   -.6858548593666723E+00
    .3797533615590045E+00    .7935700104962413E+00   -.6118515357410174E+00
    .4564069251905286E+00    .8404801753703228E+00   -.5359577538851533E+00
    .5392110674271099E+00    .8883755216275997E+00   -.4610427431007765E+00
    .6283736387760659E+00    .9372158976330192E+00   -.3896106617001588E+00
    .7240907512518094E+00    .9869603595139014E+00   -.3236297922294475E+00
    .8265457058959438E+00    .1037567205484032E+01   -.2644416739961160E+00
    .9359079555650764E+00    .1088994010803125E+01   -.2127544762149224E+00
    .1052332106818045E+01    .1141197663342352E+01   -.1687090303529283E+00
    .1175956964609262E+01    .1194134399726120E+01   -.1319945576696719E+00
    .1306904623357276E+01    .1247759842019800E+01   -.1019865793780115E+00
    .1445279607807654E+01    .1302029034932652E+01   -.7788179213228896E-01
    .1591168066947588E+01    .1356896483504762E+01   -.5881184515508597E-01
    .1744637024056696E+01    .1412316191246385E+01   -.4392699946642611E-01
    .1905733685794827E+01    .1468241698697741E+01   -.3244881502091592E-01
    .2074484813034073E+01    .1524626122376917E+01   -.2369656855714788E-01
    .2250896155939058E+01    .1581422194083243E+01   -.1709461178124243E-01
    .2434951955587840E+01    .1638582300523181E+01   -.1216790031561845E-01
    .2626614514205904E+01    .1696058523225512E+01   -.8531489393766283E-02
    .2825823835858649E+01    .1753802678712360E+01   -.5877897127187567E-02
    .3032497339214146E+01    .1811766358892378E+01   -.3964548892108981E-02
    .3246529643748553E+01    .1869900971642229E+01   -.2602324665307722E-02
    .3467792430522302E+01    .1928157781542346E+01   -.1645539797839354E-02
    .3696134378406676E+01    .1986487950732819E+01   -.9833650743018988E-03
    .3931381176388719E+01    .2044842579855163E+01   -.5325777014888124E-03
    .4173335612328178E+01    .2103172749045636E+01   -.2315129530743150E-03
    .4421777738284431E+01    .2161429558945753E+01   -.3509026678522738E-04
    .4676465112274791E+01    .2219564171695604E+01    .8920846281596214E-04
    .4937133116069186E+01    .2277527851875622E+01    .1645308712605817E-03
    .5203495348370742E+01    .2335272007362470E+01    .2071394849784683E-03
    .5475244092478238E+01    .2392748230064801E+01    .2283106949861184E-03
    .5752050857275417E+01    .2449908336504739E+01    .2357597834602846E-03
    .6033566990144788E+01    .2506704408211065E+01    .2346923942665915E-03
    .6319424360160481E+01    .2563088831890241E+01    .2285683001319488E-03
    .6609236109676901E+01    .2619014339341597E+01    .2196481565643640E-03
    .6902597472197932E+01    .2674434047083220E+01    .2093795881256343E-03
    .7199086654186419E+01    .2729301495655330E+01    .1986662961447247E-03
    .7498265778255943E+01    .2783570688568182E+01    .1880532753617272E-03
    .7799681884977518E+01    .2837196130861862E+01    .1778526943548321E-03
    .8102867990333445E+01    .2890132867245630E+01    .1682283406496624E-03
    .8407344195659665E+01    .2942336519784857E+01    .1592514748165028E-03
    .8712618846737458E+01    .2993763325103950E+01    .1509371791614032E-03
    .9018189738525626E+01    .3044370171074080E+01    .1432675481526825E-03
    .9323545361866024E+01    .3094114632954963E+01    .1362061108365866E-03
    .9628166188349157E+01    .3142955008960382E+01    .1297065038948335E-03
    .9931525989392661E+01    .3190850355217659E+01    .1237174699836740E-03
    .1023309318546474E+02    .3237760520091741E+01    .1181856142234279E-03
    .1053233222127705E+02    .3283646177845148E+01    .1130569135387946E-03
    .1082870496267783E+02    .3328468861605562E+01    .1082776634907082E-03
    .1112167211089620E+02    .3372190995613415E+01    .1037953114543828E-03
    .1141069462972312E+02    .3414775926722444E+01    .9955943059227116E-04
    .1169523518116370E+02    .3456187955126818E+01    .9552292232622836E-04
    .1197475956505892E+02    .3496392364289072E+01    .9164339719623160E-04
    .1224873815815415E+02    .3535355450043764E+01    .8788458466552528E-04
    .1251664734808433E+02    .3573044548852467E+01    .8421757164703714E-04
    .1277797095775539E+02    .3609428065186421E+01    .8062167115081094E-04
    .1303220165562355E+02    .3644475498013884E+01    .7708477064633544E-04
    .1327884234741358E+02    .3678157466370027E+01    .7360308944035471E-04
    .1351740754486926E+02    .3710445733987935E+01    .7018036516881205E-04
    .1374742470719733E+02    .3741313232970120E+01    .6682657102839345E-04
    .1396843555094787E+02    .3770734086480757E+01    .6355632224242365E-04
    .1417999732417074E+02    .3798683630439727E+01    .6038715493194383E-04
    .1438168404079711E+02    .3825138434200403E+01    .5733785365890946E-04
    .1457308767131952E+02    .3850076320194123E+01    .5442697234104822E-04
    .1475381928598092E+02    .3873476382525253E+01    .5167164724857346E-04
    .1492351014683435E+02    .3895319004501987E+01    .4908675092951849E-04
    .1508181274519982E+02    .3915585875089426E+01    .4668439076463601E-04
    .1522840178122609E+02    .3934260004273496E+01    .4447372089669731E-04
    .1536297508246617E+02    .3951325737327432E+01    .4246101373668686E-04
    .1548525445860875E+02    .3966768767978385E+01    .4064992668981026E-04
    .1559498648980340E+02    .3980576150484174E+01    .3904189901177894E-04
    .1569194324646741E+02    .3992736310660574E+01    .3763661986269158E-04
    .1577592293935325E+02    .4003239055983698E+01    .3643251870178327E-04
    .1584675050104815E+02    .4012075585161394E+01    .3542724063111823E-04
    .1590427810861318E+02    .4019238498598109E+01    .3461808024159787E-04
    .1594838569786953E+02    .4024721816209106E+01    .3400235643146676E-04
    .1597898180776093E+02    .4028521044721119E+01    .3357771404279874E-04
    .1599600918308299E+02    .4030633843836847E+01    .3334228685513525E-04
 Bmu  1.77600917
   -.3239999999999272E+01   -.3072628469590988E-05   -.6612794737078644E-06
   -.3239999999983592E+01   -.1458283147250437E-04    .2855973132885132E-05
   -.3239999999905439E+01   -.3500728590114549E-04    .9097215407605039E-05
   -.3239999999685215E+01   -.6387192344396528E-04    .1791758300400093E-04
   -.3239999999220648E+01   -.1005007589076232E-03    .2911051042800061E-04
   -.3239999998399214E+01   -.1440353834709511E-03    .4241368772427931E-04
   -.3239999997112268E+01   -.1934554301263374E-03    .5751531424175714E-04
   -.3239999995269520E+01   -.2476025550255855E-03    .7406142678054360E-04
   -.3239999992812371E+01   -.3052076054941142E-03    .9166420151351401E-04
   -.3239999989724778E+01   -.3649203738107769E-03    .1099110460606393E-03
   -.3239999986040496E+01   -.4253412473698303E-03    .1283742710556804E-03
   -.3239999981845880E+01   -.4850540156864931E-03    .1466211152179398E-03
   -.3239999977277866E+01   -.5426590661550217E-03    .1642238892170295E-03
   -.3239999972517158E+01   -.5968061910542699E-03    .1807700007413488E-03
   -.3239999967777134E+01   -.6462262377096561E-03    .1958716260583522E-03
   -.3239999963289348E+01   -.6897608622729840E-03    .2091748020799720E-03
   -.3239999959286883E+01   -.7263896977366418E-03    .2203677282739882E-03
   -.3239999955986951E+01   -.7552543352794617E-03    .2291880947996892E-03
   -.3239999953574261E+01   -.7756787897081028E-03    .2354293362628026E-03
   -.3239999952186226E+01   -.7871889927110162E-03    .2389465883922741E-03
   -.3239999425332402E+01   -.2729046001357592E-02    .8323328556205581E-03
   -.3239990654492209E+01   -.1100535237866100E-01    .3361350974305140E-02
   -.3239948288801326E+01   -.2588777964243827E-01    .7908707937721322E-02
   -.3239826879021817E+01   -.4736716032507842E-01    .1447025860904392E-01
   -.3239561028906195E+01   -.7542589327088256E-01    .2303690888487010E-01
   -.3239065669495537E+01   -.1100405531513026E+00    .3359350759521856E-01
   -.3238236416379838E+01   -.1511821540966427E+00    .4611648877436259E-01
   -.3236950008554965E+01   -.1988162194783294E+00    .6057097686387009E-01
   -.3235064827327789E+01   -.2529028229021137E+00    .7690748639456700E-01
   -.3232421493441279E+01   -.3133966257013968E+00    .9505833779357439E-01
   -.3228843540315144E+01   -.3802469165104965E+00    .1149339437877994E+00
   -.3224138161028493E+01   -.4533976544610008E+00    .1364191627030807E+00
   -.3218097026409982E+01   -.5327875164891176E+00    .1593699586270868E+00
   -.3210497171348786E+01   -.6183499489122082E+00    .1836106483441355E+00
   -.3201101946197497E+01   -.7100132233137888E+00    .2089320445951633E+00
   -.3189662029906346E+01   -.8077004967274428E+00    .2350908169675558E+00
   -.3175916501307938E+01   -.9113298760872101E+00    .2618103776404096E+00
   -.3159593964763569E+01   -.1020814486899627E+01    .2887835522103993E+00
   -.3140413726186989E+01   -.1136062546084778E+01    .3156772112141084E+00
   -.3118087015279775E+01   -.1256977438928049E+01    .3421389151748049E+00
   -.3092318249644961E+01   -.1383457800079679E+01    .3678054701091120E+00
   -.3062806336292742E+01   -.1515397598535140E+01    .3923131130367083E+00
   -.3029246005914522E+01   -.1652686226525712E+01    .4153088660678780E+00
   -.2991329175179738E+01   -.1795208592245091E+01    .4364624357056693E+00
   -.2948746332204169E+01   -.1942845216334532E+01    .4554779152876789E+00
   -.2901187940249265E+01   -.2095472332045816E+01    .4721044946220688E+00
   -.2848345854639619E+01   -.2252961988998159E+01    .4861454064311134E+00
   -.2789914747830397E+01   -.2415182160442159E+01    .4974644481104395E+00
   -.2725593537518457E+01   -.2581996853940918E+01    .5059896009628633E+00
   -.2655086812670225E+01   -.2753266225375578E+01    .5117135071116915E+00
   -.2578106252336197E+01   -.2928846696179724E+01    .5146908278312760E+00
   -.2494372032136214E+01   -.3108591073704400E+01    .5150327636264949E+00
   -.2403614213331412E+01   -.3292348674612836E+01    .5128992356819713E+00
   -.2305574109447857E+01   -.3479965451201460E+01    .5084893867539775E+00
   -.2200005625483123E+01   -.3671284120541303E+01    .5020311434701995E+00
   -.2086676564810431E+01   -.3866144296331530E+01    .4937705882714808E+00
   -.1965369898994848E+01   -.4064382623354594E+01    .4839618244972067E+00
   -.1835884995852533E+01   -.4265832914420251E+01    .4728578965720364E+00
   -.1698038801216259E+01   -.4470326289683705E+01    .4607031680453376E+00
   -.1551666970018504E+01   -.4677691318221009E+01    .4477273847786629E+00
   -.1396624942466270E+01   -.4887754161743116E+01    .4341414799055450E+00
   -.1232788961259450E+01   -.5100338720328045E+01    .4201350294466099E+00
   -.1060057025995927E+01   -.5315266780049031E+01    .4058751557376371E+00
   -.8783497811114316E+00   -.5532358162374870E+01    .3915066067036772E+00
   -.6876113339195853E+00   -.5751430875217243E+01    .3771527122513600E+00
   -.4878099995468075E+00   -.5972301265498365E+01    .3629169285495336E+00
   -.2789389697972471E+00   -.6194784173111093E+01    .3488847167502534E+00
   -.6101690323364695E-01   -.6418693086142376E+01    .3351255533956415E+00
    .1659115659797066E+00   -.6643840297229984E+01    .3216949248641486E+00
    .4017754026568867E+00   -.6870037060921379E+01    .3086362096709075E+00
    .6464768305014212E+00   -.7097093751902847E+01    .2959823952659042E+00
    .8998910789735151E+00   -.7324820023966238E+01    .2837576081005404E+00
    .1161866218449042E+01   -.7553024969580042E+01    .2719784573303313E+00
    .1432223084711818E+01   -.7781517279931027E+01    .2606552051555003E+00
    .1710755293522613E+01   -.8010105405302296E+01    .2497927826535936E+00
    .1997229345707368E+01   -.8238597715653283E+01    .2393916712472710E+00
    .2291384822904276E+01   -.8466802661267087E+01    .2294486685813008E+00
    .2592934673805618E+01   -.8694528933330478E+01    .2199575549935982E+00
    .2901565590426666E+01   -.8921585624311946E+01    .2109096739094263E+00
    .3216938473631489E+01   -.9147782388003341E+01    .2022944369006038E+00
    .3538688986845311E+01   -.9372929599090950E+01    .1940997620518394E+00
    .3866428196585836E+01   -.9596838512122231E+01    .1863124526752266E+00
    .4199743298153223E+01   -.9819321419734960E+01    .1789185222089212E+00
    .4538198424530402E+01   -.1004019181001608E+02    .1719034701786056E+00
    .4881335536264052E+01   -.1025926452285846E+02    .1652525132324981E+00
    .5228675389821746E+01   -.1047635590518429E+02    .1589507743184125E+00
    .5579718581654380E+01   -.1069128396490528E+02    .1529834318582036E+00
    .5933946664935227E+01   -.1090386852349021E+02    .1473358290255431E+00
    .6290823335699093E+01   -.1111393136701232E+02    .1419935406077359E+00
    .6649795684867657E+01   -.1132129639554962E+02    .1369423911171458E+00
    .7010295512421241E+01   -.1152578977081307E+02    .1321684128089116E+00
    .7371740699763386E+01   -.1172724006187873E+02    .1276577268549647E+00
    .7733536636123743E+01   -.1192547838890179E+02    .1233963272652150E+00
    .8095077694657460E+01   -.1212033856469202E+02    .1193697489595462E+00
    .8455748753726013E+01   -.1231165723403186E+02    .1155626133590371E+00
    .8814926758686171E+01   -.1249927401062049E+02    .1119580707596967E+00
    .9171982319370523E+01   -.1268303161152892E+02    .1085371985980782E+00
    .9526281338315883E+01   -.1286277598905360E+02    .1052784620733774E+00
    .9877186664684739E+01   -.1303835645985775E+02    .1021573848019065E+00
    .1022405976873052E+02   -.1320962583129240E+02    .9914659413537324E-01
    .1056626243157989E+02   -.1337644052479117E+02    .9621638221769946E-01
    .1090315844504497E+02   -.1353866069623517E+02    .9333585317762637E-01
    .1123411531613567E+02   -.1369615035318751E+02    .9047461773890696E-01
    .1155850597091658E+02   -.1384877746889879E+02    .8760487306834625E-01
    .1187571045234565E+02   -.1399641409298823E+02    .8470360087996885E-01
    .1218511760674162E+02   -.1413893645870761E+02    .8175456161886781E-01
    .1248612675355483E+02   -.1427622508669819E+02    .7874977490580022E-01
    .1277814933316162E+02   -.1440816488515365E+02    .7569025498215590E-01
    .1306061052746485E+02   -.1453464524630527E+02    .7258589482587981E-01
    .1333295084816357E+02   -.1465556013914855E+02    .6945453278367003E-01
    .1359462768765139E+02   -.1477080819833370E+02    .6632035878345717E-01
    .1384511682761771E+02   -.1488029280914612E+02    .6321189939295971E-01
    .1408391390055547E+02   -.1498392218850588E+02    .6015985145591245E-01
    .1431053579952630E+02   -.1508160946191954E+02    .5719501566467559E-01
    .1452452203169643E+02   -.1517327273632112E+02    .5434652710263908E-01
    .1472543601133527E+02   -.1525883516874421E+02    .5164050694128546E-01
    .1491286628816441E+02   -.1533822503077233E+02    .4909918490298468E-01
    .1508642770715874E+02   -.1541137576872283E+02    .4674047844113954E-01
    .1524576249613991E+02   -.1547822605953193E+02    .4457796887811796E-01
    .1539054127777828E+02   -.1553871986233121E+02    .4262118872347801E-01
    .1552046400296997E+02   -.1559280646575500E+02    .4087612591153729E-01
    .1563526080308820E+02   -.1564044053113668E+02    .3934585541575703E-01
    .1573469275966313E+02   -.1568158213208202E+02    .3803122165446161E-01
    .1581855259287736E+02   -.1571619679196244E+02    .3693151178203465E-01
    .1588666528037067E+02   -.1574425552490825E+02    .3604507683003815E-01
    .1593888866615485E+02   -.1576573490559089E+02    .3536987206613203E-01
    .1597511446033897E+02   -.1578061733285466E+02    .3490389544683185E-01
    .1599527487276078E+02   -.1578889363923197E+02    .3464544947255381E-01
    .1600113462675048E+02   -.1578806761846691E+02    .3455822388661103E-01
    .1600597530184710E+02   -.1577626510837870E+02    .3446082685322461E-01
    .1601467190126246E+02   -.1575503889169561E+02    .3433590577267526E-01
    .1602720557383971E+02   -.1572439693715775E+02    .3422194501937934E-01
    .1604354659686096E+02   -.1568435698094063E+02    .3413046881033237E-01
    .1606365596587811E+02   -.1563494281620565E+02    .3405430019075845E-01
    .1608748563082021E+02   -.1557618393099147E+02    .3398214511050923E-01
    .1611497863749715E+02   -.1550811542574465E+02    .3390589431018473E-01
    .1614606927082935E+02   -.1543077797510460E+02    .3382133497889089E-01
    .1618068321429118E+02   -.1534421779785959E+02    .3372662484060391E-01
    .1621873772847445E+02   -.1524848662709209E+02    .3362095080270888E-01
    .1626014184926894E+02   -.1514364167828407E+02    .3350383854153017E-01
    .1630479660549363E+02   -.1502974561465398E+02    .3337488783183118E-01
    .1635259525557444E+02   -.1490686650946441E+02    .3323369066720973E-01
    .1640342354275122E+02   -.1477507780520516E+02    .3307981009613550E-01
    .1645715996822589E+02   -.1463445826962296E+02    .3291277625564125E-01
    .1651367608160921E+02   -.1448509194859858E+02    .3273208687904255E-01
    .1657283678797758E+02   -.1432706811588629E+02    .3253720892209792E-01
    .1663450067080860E+02   -.1416048121973863E+02    .3232758056906362E-01
    .1669852033002511E+02   -.1398543082644463E+02    .3210261353725984E-01
    .1676474273434069E+02   -.1380202156081278E+02    .3186169568779639E-01
    .1683300958706481E+02   -.1361036304363306E+02    .3160419393381160E-01
    .1690315770449366E+02   -.1341056982615459E+02    .3132945743422468E-01
    .1697501940598236E+02   -.1320276132161745E+02    .3103682106846725E-01
    .1704842291476621E+02   -.1298706173387934E+02    .3072560919188378E-01
    .1712319276857305E+02   -.1276359998317944E+02    .3039513967043577E-01
    .1719915023904526E+02   -.1253250962908377E+02    .3004472819045616E-01
    .1727611375896872E+02   -.1229392879065790E+02    .2967369283678305E-01
    .1735389935628780E+02   -.1204800006391480E+02    .2928135893056225E-01
    .1743232109386861E+02   -.1179487043658690E+02    .2886706411542744E-01
    .1751119151395962E+02   -.1153469120027352E+02    .2843016367729284E-01
    .1759032208628703E+02   -.1126761786001595E+02    .2797003607891908E-01
    .1766952365871385E+02   -.1099381004135430E+02    .2748608868604467E-01
    .1774860690938550E+02   -.1071343139492161E+02    .2697776365728405E-01
    .1782738279928105E+02   -.1042664949863237E+02    .2644454396515127E-01
    .1790566302408834E+02   -.1013363575752363E+02    .2588595951059284E-01
    .1798326046432293E+02   -.9834565301308832E+01    .2530159328847676E-01
    .1805998963261477E+02   -.9529616879705458E+01    .2469108755675401E-01
    .1813566711709359E+02   -.9218972755599056E+01    .2405414995759511E-01
    .1821011201981292E+02   -.8902818596107526E+01    .2339055953482683E-01
    .1828314638916502E+02   -.8581343361610736E+01    .2270017258857178E-01
    .1835459564525281E+02   -.8254739192811854E+01    .2198292830521666E-01
    .1842428899720223E+02   -.7923201295897806E+01    .2123885409874851E-01
    .1849205985141731E+02   -.7586927825867598E+01    .2046807059810738E-01
    .1855774620980220E+02   -.7246119768098144E+01    .1967079621444846E-01
    .1862119105699820E+02   -.6900980818218442E+01    .1884735122197117E-01
    .1868224273571011E+02   -.6551717260363887E+01    .1799816128607088E-01
    .1874075530922486E+02   -.6198537843883446E+01    .1712376037276639E-01
    .1879658891025566E+02   -.5841653658573454E+01    .1622479297340065E-01
    .1884961007527803E+02   -.5481278008512524E+01    .1530201557829009E-01
    .1889969206355831E+02   -.5117626284573060E+01    .1435629733223157E-01
    .1894671516011218E+02   -.4750915835685481E+01    .1338861980376395E-01
    .1899056696186900E+02   -.4381365838932179E+01    .1240007579947765E-01
    .1903114264635785E+02   -.4009197168548800E+01    .1139186715577478E-01
    .1906834522227308E+02   -.3634632263911199E+01    .1036530144538818E-01
    .1910208576132035E+02   -.3257894996586864E+01    .9321787547452224E-02
    .1913228361078914E+02   -.2879210536530431E+01    .8262830050982000E-02
    .1915886658634329E+02   -.2498805217503102E+01    .7190022494345440E-02
    .1918177114456904E+02   -.2116906401796525E+01    .6105039487192277E-02
    .1920094253486793E+02   -.1733742344341886E+01    .5009627811588317E-02
    .1921633493033156E+02   -.1349542056285547E+01    .3905596646883990E-02
    .1922791153728527E+02   -.9645351681126475E+00    .2794807099615479E-02
    .1923564468323904E+02   -.5789517924005791E+00    .1679161253034764E-02
    .1923951588303526E+02   -.1930223862842973E+00    .5605910949128026E-03
    .1923951588303526E+02    .1930223862842954E+00   -.5605910949128026E-03
    .1923564468323904E+02    .5789517924005791E+00   -.1679161253034764E-02
    .1922791153728527E+02    .9645351681126475E+00   -.2794807099615479E-02
    .1921633493033156E+02    .1349542056285547E+01   -.3905596646883990E-02
    .1920094253486793E+02    .1733742344341884E+01   -.5009627811588317E-02
    .1918177114456904E+02    .2116906401796521E+01   -.6105039487192277E-02
    .1915886658634329E+02    .2498805217503102E+01   -.7190022494345440E-02
    .1913228361078914E+02    .2879210536530427E+01   -.8262830050982000E-02
    .1910208576132035E+02    .3257894996586866E+01   -.9321787547452224E-02
    .1906834522227308E+02    .3634632263911199E+01   -.1036530144538818E-01
    .1903114264635785E+02    .4009197168548800E+01   -.1139186715577478E-01
    .1899056696186900E+02    .4381365838932177E+01   -.1240007579947765E-01
    .1894671516011218E+02    .4750915835685483E+01   -.1338861980376395E-01
    .1889969206355831E+02    .5117626284573060E+01   -.1435629733223157E-01
    .1884961007527803E+02    .5481278008512524E+01   -.1530201557829009E-01
    .1879658891025566E+02    .5841653658573452E+01   -.1622479297340065E-01
    .1874075530922486E+02    .6198537843883446E+01   -.1712376037276639E-01
    .1868224273571011E+02    .6551717260363887E+01   -.1799816128607088E-01
    .1862119105699820E+02    .6900980818218445E+01   -.1884735122197117E-01
    .1855774620980220E+02    .7246119768098146E+01   -.1967079621444846E-01
    .1849205985141731E+02    .7586927825867599E+01   -.2046807059810738E-01
    .1842428899720223E+02    .7923201295897804E+01   -.2123885409874851E-01
    .1835459564525281E+02    .8254739192811851E+01   -.2198292830521666E-01
    .1828314638916502E+02    .8581343361610738E+01   -.2270017258857178E-01
    .1821011201981292E+02    .8902818596107524E+01   -.2339055953482683E-01
    .1813566711709359E+02    .9218972755599058E+01   -.2405414995759511E-01
    .1805998963261477E+02    .9529616879705458E+01   -.2469108755675401E-01
    .1798326046432293E+02    .9834565301308833E+01   -.2530159328847676E-01
    .1790566302408834E+02    .1013363575752363E+02   -.2588595951059284E-01
    .1782738279928105E+02    .1042664949863238E+02   -.2644454396515127E-01
    .1774860690938550E+02    .1071343139492161E+02   -.2697776365728405E-01
    .1766952365871385E+02    .1099381004135429E+02   -.2748608868604467E-01
    .1759032208628703E+02    .1126761786001595E+02   -.2797003607891908E-01
    .1751119151395962E+02    .1153469120027353E+02   -.2843016367729284E-01
    .1743232109386861E+02    .1179487043658690E+02   -.2886706411542744E-01
    .1735389935628780E+02    .1204800006391480E+02   -.2928135893056225E-01
    .1727611375896872E+02    .1229392879065790E+02   -.2967369283678305E-01
    .1719915023904525E+02    .1253250962908377E+02   -.3004472819045616E-01
    .1712319276857305E+02    .1276359998317944E+02   -.3039513967043577E-01
    .1704842291476621E+02    .1298706173387934E+02   -.3072560919188378E-01
    .1697501940598236E+02    .1320276132161745E+02   -.3103682106846725E-01
    .1690315770449366E+02    .1341056982615459E+02   -.3132945743422468E-01
    .1683300958706481E+02    .1361036304363306E+02   -.3160419393381160E-01
    .1676474273434069E+02    .1380202156081278E+02   -.3186169568779639E-01
    .1669852033002511E+02    .1398543082644463E+02   -.3210261353725984E-01
    .1663450067080860E+02    .1416048121973863E+02   -.3232758056906362E-01
    .1657283678797758E+02    .1432706811588629E+02   -.3253720892209792E-01
    .1651367608160921E+02    .1448509194859858E+02   -.3273208687904255E-01
    .1645715996822589E+02    .1463445826962296E+02   -.3291277625564125E-01
    .1640342354275122E+02    .1477507780520516E+02   -.3307981009613550E-01
    .1635259525557444E+02    .1490686650946441E+02   -.3323369066720973E-01
    .1630479660549363E+02    .1502974561465398E+02   -.3337488783183118E-01
    .1626014184926894E+02    .1514364167828407E+02   -.3350383854153017E-01
    .1621873772847445E+02    .1524848662709209E+02   -.3362095080270888E-01
    .1618068321429118E+02    .1534421779785959E+02   -.3372662484060391E-01
    .1614606927082935E+02    .1543077797510460E+02   -.3382133497889089E-01
    .1611497863749715E+02    .1550811542574465E+02   -.3390589431018473E-01
    .1608748563082021E+02    .1557618393099146E+02   -.3398214511050923E-01
    .1606365596587811E+02    .1563494281620565E+02   -.3405430019075845E-01
    .1604354659686096E+02    .1568435698094063E+02   -.3413046881033237E-01
    .1602720557383971E+02    .1572439693715776E+02   -.3422194501937934E-01
    .1601467190126246E+02    .1575503889169562E+02   -.3433590577267526E-01
    .1600597530184710E+02    .1577626510837870E+02   -.3446082685322461E-01
    .1600113462675048E+02    .1578806761846691E+02   -.3455822388661103E-01
   -.3239999999999272E+01    .3072628469590988E-05    .6612794737078644E-06
   -.3239999999983592E+01    .1458283147250437E-04   -.2855973132885132E-05
   -.3239999999905439E+01    .3500728590114549E-04   -.9097215407605039E-05
   -.3239999999685215E+01    .6387192344396528E-04   -.1791758300400093E-04
   -.3239999999220648E+01    .1005007589076232E-03   -.2911051042800061E-04
   -.3239999998399214E+01    .1440353834709511E-03   -.4241368772427931E-04
   -.3239999997112268E+01    .1934554301263374E-03   -.5751531424175714E-04
   -.3239999995269520E+01    .2476025550255855E-03   -.7406142678054360E-04
   -.3239999992812371E+01    .3052076054941142E-03   -.9166420151351401E-04
   -.3239999989724778E+01    .3649203738107769E-03   -.1099110460606393E-03
   -.3239999986040496E+01    .4253412473698303E-03   -.1283742710556804E-03
   -.3239999981845880E+01    .4850540156864931E-03   -.1466211152179398E-03
   -.3239999977277866E+01    .5426590661550217E-03   -.1642238892170295E-03
   -.3239999972517158E+01    .5968061910542699E-03   -.1807700007413488E-03
   -.3239999967777134E+01    .6462262377096561E-03   -.1958716260583522E-03
   -.3239999963289348E+01    .6897608622729840E-03   -.2091748020799720E-03
   -.3239999959286883E+01    .7263896977366418E-03   -.2203677282739882E-03
   -.3239999955986951E+01    .7552543352794617E-03   -.2291880947996892E-03
   -.3239999953574261E+01    .7756787897081028E-03   -.2354293362628026E-03
   -.3239999952186226E+01    .7871889927110162E-03   -.2389465883922741E-03
   -.3239999425332402E+01    .2729046001357592E-02   -.8323328556205581E-03
   -.3239990654492209E+01    .1100535237866100E-01   -.3361350974305140E-02
   -.3239948288801326E+01    .2588777964243827E-01   -.7908707937721322E-02
   -.3239826879021817E+01    .4736716032507842E-01   -.1447025860904392E-01
   -.3239561028906195E+01    .7542589327088256E-01   -.2303690888487010E-01
   -.3239065669495537E+01    .1100405531513026E+00   -.3359350759521856E-01
   -.3238236416379838E+01    .1511821540966427E+00   -.4611648877436259E-01
   -.3236950008554965E+01    .1988162194783294E+00   -.6057097686387009E-01
   -.3235064827327789E+01    .2529028229021137E+00   -.7690748639456700E-01
   -.3232421493441279E+01    .3133966257013968E+00   -.9505833779357439E-01
   -.3228843540315144E+01    .3802469165104965E+00   -.1149339437877994E+00
   -.3224138161028493E+01    .4533976544610008E+00   -.1364191627030807E+00
   -.3218097026409982E+01    .5327875164891176E+00   -.1593699586270868E+00
   -.3210497171348786E+01    .6183499489122082E+00   -.1836106483441355E+00
   -.3201101946197497E+01    .7100132233137888E+00   -.2089320445951633E+00
   -.3189662029906346E+01    .8077004967274428E+00   -.2350908169675558E+00
   -.3175916501307938E+01    .9113298760872101E+00   -.2618103776404096E+00
   -.3159593964763569E+01    .1020814486899627E+01   -.2887835522103993E+00
   -.3140413726186989E+01    .1136062546084778E+01   -.3156772112141084E+00
   -.3118087015279775E+01    .1256977438928049E+01   -.3421389151748049E+00
   -.3092318249644961E+01    .1383457800079679E+01   -.3678054701091120E+00
   -.3062806336292742E+01    .1515397598535140E+01   -.3923131130367083E+00
   -.3029246005914522E+01    .1652686226525712E+01   -.4153088660678780E+00
   -.2991329175179738E+01    .1795208592245091E+01   -.4364624357056693E+00
   -.2948746332204169E+01    .1942845216334532E+01   -.4554779152876789E+00
   -.2901187940249265E+01    .2095472332045816E+01   -.4721044946220688E+00
   -.2848345854639619E+01    .2252961988998159E+01   -.4861454064311134E+00
   -.2789914747830397E+01    .2415182160442159E+01   -.4974644481104395E+00
   -.2725593537518457E+01    .2581996853940918E+01   -.5059896009628633E+00
   -.2655086812670225E+01    .2753266225375578E+01   -.5117135071116915E+00
   -.2578106252336197E+01    .2928846696179724E+01   -.5146908278312760E+00
   -.2494372032136214E+01    .3108591073704400E+01   -.5150327636264949E+00
   -.2403614213331412E+01    .3292348674612836E+01   -.5128992356819713E+00
   -.2305574109447857E+01    .3479965451201460E+01   -.5084893867539775E+00
   -.2200005625483123E+01    .3671284120541303E+01   -.5020311434701995E+00
   -.2086676564810431E+01    .3866144296331530E+01   -.4937705882714808E+00
   -.1965369898994848E+01    .4064382623354594E+01   -.4839618244972067E+00
   -.1835884995852533E+01    .4265832914420251E+01   -.4728578965720364E+00
   -.1698038801216259E+01    .4470326289683705E+01   -.4607031680453376E+00
   -.1551666970018504E+01    .4677691318221009E+01   -.4477273847786629E+00
   -.1396624942466270E+01    .4887754161743116E+01   -.4341414799055450E+00
   -.1232788961259450E+01    .5100338720328045E+01   -.4201350294466099E+00
   -.1060057025995927E+01    .5315266780049031E+01   -.4058751557376371E+00
   -.8783497811114316E+00    .5532358162374870E+01   -.3915066067036772E+00
   -.6876113339195853E+00    .5751430875217243E+01   -.3771527122513600E+00
   -.4878099995468075E+00    .5972301265498365E+01   -.3629169285495336E+00
   -.2789389697972471E+00    .6194784173111093E+01   -.3488847167502534E+00
   -.6101690323364695E-01    .6418693086142376E+01   -.3351255533956415E+00
    .1659115659797066E+00    .6643840297229984E+01   -.3216949248641486E+00
    .4017754026568867E+00    .6870037060921379E+01   -.3086362096709075E+00
    .6464768305014212E+00    .7097093751902847E+01   -.2959823952659042E+00
    .8998910789735151E+00    .7324820023966238E+01   -.2837576081005404E+00
    .1161866218449042E+01    .7553024969580042E+01   -.2719784573303313E+00
    .1432223084711818E+01    .7781517279931027E+01   -.2606552051555003E+00
    .1710755293522613E+01    .8010105405302296E+01   -.2497927826535936E+00
    .1997229345707368E+01    .8238597715653283E+01   -.2393916712472710E+00
    .2291384822904276E+01    .8466802661267087E+01   -.2294486685813008E+00
    .2592934673805618E+01    .8694528933330478E+01   -.2199575549935982E+00
    .2901565590426666E+01    .8921585624311946E+01   -.2109096739094263E+00
    .3216938473631489E+01    .9147782388003341E+01   -.2022944369006038E+00
    .3538688986845311E+01    .9372929599090950E+01   -.1940997620518394E+00
    .3866428196585836E+01    .9596838512122231E+01   -.1863124526752266E+00
    .4199743298153223E+01    .9819321419734960E+01   -.1789185222089212E+00
    .4538198424530402E+01    .1004019181001608E+02   -.1719034701786056E+00
    .4881335536264052E+01    .1025926452285846E+02   -.1652525132324981E+00
    .5228675389821746E+01    .1047635590518429E+02   -.1589507743184125E+00
    .5579718581654380E+01    .1069128396490528E+02   -.1529834318582036E+00
    .5933946664935227E+01    .1090386852349021E+02   -.1473358290255431E+00
    .6290823335699093E+01    .1111393136701232E+02   -.1419935406077359E+00
    .6649795684867657E+01    .1132129639554962E+02   -.1369423911171458E+00
    .7010295512421241E+01    .1152578977081307E+02   -.1321684128089116E+00
    .7371740699763386E+01    .1172724006187873E+02   -.1276577268549647E+00
    .7733536636123743E+01    .1192547838890179E+02   -.1233963272652150E+00
    .8095077694657460E+01    .1212033856469202E+02   -.1193697489595462E+00
    .8455748753726013E+01    .1231165723403186E+02   -.1155626133590371E+00
    .8814926758686171E+01    .1249927401062049E+02   -.1119580707596967E+00
    .9171982319370523E+01    .1268303161152892E+02   -.1085371985980782E+00
    .9526281338315883E+01    .1286277598905360E+02   -.1052784620733774E+00
    .9877186664684739E+01    .1303835645985775E+02   -.1021573848019065E+00
    .1022405976873052E+02    .1320962583129240E+02   -.9914659413537324E-01
    .1056626243157989E+02    .1337644052479117E+02   -.9621638221769946E-01
    .1090315844504497E+02    .1353866069623517E+02   -.9333585317762637E-01
    .1123411531613567E+02    .1369615035318751E+02   -.9047461773890696E-01
    .1155850597091658E+02    .1384877746889879E+02   -.8760487306834625E-01
    .1187571045234565E+02    .1399641409298823E+02   -.8470360087996885E-01
    .1218511760674162E+02    .1413893645870761E+02   -.8175456161886781E-01
    .1248612675355483E+02    .1427622508669819E+02   -.7874977490580022E-01
    .1277814933316162E+02    .1440816488515365E+02   -.7569025498215590E-01
    .1306061052746485E+02    .1453464524630527E+02   -.7258589482587981E-01
    .1333295084816357E+02    .1465556013914855E+02   -.6945453278367003E-01
    .1359462768765139E+02    .1477080819833370E+02   -.6632035878345717E-01
    .1384511682761771E+02    .1488029280914612E+02   -.6321189939295971E-01
    .1408391390055547E+02    .1498392218850588E+02   -.6015985145591245E-01
    .1431053579952630E+02    .1508160946191954E+02   -.5719501566467559E-01
    .1452452203169643E+02    .1517327273632112E+02   -.5434652710263908E-01
    .1472543601133527E+02    .1525883516874421E+02   -.5164050694128546E-01
    .1491286628816441E+02    .1533822503077233E+02   -.4909918490298468E-01
    .1508642770715874E+02    .1541137576872283E+02   -.4674047844113954E-01
    .1524576249613991E+02    .1547822605953193E+02   -.4457796887811796E-01
    .1539054127777828E+02    .1553871986233121E+02   -.4262118872347801E-01
    .1552046400296997E+02    .1559280646575500E+02   -.4087612591153729E-01
    .1563526080308820E+02    .1564044053113668E+02   -.3934585541575703E-01
    .1573469275966313E+02    .1568158213208202E+02   -.3803122165446161E-01
    .1581855259287736E+02    .1571619679196244E+02   -.3693151178203465E-01
    .1588666528037067E+02    .1574425552490825E+02   -.3604507683003815E-01
    .1593888866615485E+02    .1576573490559089E+02   -.3536987206613203E-01
    .1597511446033897E+02    .1578061733285466E+02   -.3490389544683185E-01
    .1599527487276078E+02    .1578889363923197E+02   -.3464544947255381E-01
