   -.4899999999993638E+00   -.1116615569236778E-05    .2156902610039526E+01
   -.4899999999858807E+00   -.5260582789125187E-05    .2156902609952180E+01
   -.4899999999188210E+00   -.1261390832256456E-04    .2156902609723693E+01
   -.4899999997299631E+00   -.2300591546276267E-04    .2156902609240464E+01
   -.4899999993316581E+00   -.3619323226557361E-04    .2156902608356884E+01
   -.4899999986274663E+00   -.5186680961906741E-04    .2156902606913455E+01
   -.4899999975242772E+00   -.6965928932541494E-04    .2156902604757212E+01
   -.4899999959447085E+00   -.8915363799823099E-04    .2156902601762765E+01
   -.4899999938385430E+00   -.1098929282419546E-03    .2156902597851674E+01
   -.4899999911920366E+00   -.1313910507729308E-03    .2156902593008004E+01
   -.4899999880341233E+00   -.1531441092865265E-03    .2156902587288942E+01
   -.4899999844388218E+00   -.1746422318175027E-03    .2156902580828492E+01
   -.4899999805235004E+00   -.1953815220612263E-03    .2156902573834544E+01
   -.4899999764430408E+00   -.2148758707340424E-03    .2156902566578547E+01
   -.4899999723803258E+00   -.2326683504403899E-03    .2156902559379174E+01
   -.4899999685338198E+00   -.2483419277938837E-03    .2156902552581165E+01
   -.4899999651032929E+00   -.2615292445966947E-03    .2156902546530640E+01
   -.4899999622749147E+00   -.2719212517368927E-03    .2156902541549545E+01
   -.4899999602069951E+00   -.2792745772703321E-03    .2156902537911522E+01
   -.4899999590173105E+00   -.2834185444902206E-03    .2156902535819917E+01
   -.4899995074600259E+00   -.9825366910168438E-03    .2156901755493468E+01
   -.4899919902166732E+00   -.3962218484693096E-02    .2156888899323082E+01
   -.4899556798563231E+00   -.9320272614394935E-02    .2156826933242048E+01
   -.4898516232641013E+00   -.1705339855751128E-01    .2156649402559919E+01
   -.4896237713695412E+00   -.2715525944819972E-01    .2156260411611099E+01
   -.4891992142388673E+00   -.3961742156955762E-01    .2155534387349945E+01
   -.4884884872716362E+00   -.5442944926777166E-01    .2154315264346960E+01
   -.4873859473312469E+00   -.7157893007551833E-01    .2152414720817452E+01
   -.4857702174822406E+00   -.9105148947056424E-01    .2149609061122022E+01
   -.4835046987674712E+00   -.1128308043743215E+00    .2145634355313003E+01
   -.4804381472215193E+00   -.1368986173992350E+00    .2140179533132290E+01
   -.4764053140860834E+00   -.1632347524005733E+00    .2132877313803544E+01
   -.4712276469693539E+00   -.1918171315082839E+00    .2123293159928759E+01
   -.4647140494753247E+00   -.2226217936958630E+00    .2110912895658778E+01
   -.4566616966213423E+00   -.2556229149003840E+00    .2095130236849598E+01
   -.4468569031636430E+00   -.2907928296902444E+00    .2075236233799981E+01
   -.4350760417618634E+00   -.3281020544689526E+00    .2050413480633726E+01
   -.4210865077351573E+00   -.3675193121988169E+00    .2019738804427217E+01
   -.4046477269952390E+00   -.4090115586255864E+00    .1982198850794696E+01
   -.3855122035859503E+00   -.4525440099830482E+00    .1936723293941863E+01
   -.3634266031153623E+00   -.4980801721549349E+00    .1882240010946706E+01
   -.3381328682354525E+00   -.5455818712700350E+00    .1817755128669279E+01
   -.3093693622065009E+00   -.5950092857050703E+00    .1742458073399440E+01
   -.2768720364789250E+00   -.6463209794686436E+00    .1655847489087319E+01
   -.2403756181346705E+00   -.6994739369383577E+00    .1557868329068095E+01
   -.1996148129538337E+00   -.7544235989220418E+00    .1449044247365163E+01
   -.1543255198101419E+00   -.8111239000128906E+00    .1330583869449518E+01
   -.1042460520515053E+00   -.8695273072072259E+00    .1204436339494489E+01
   -.4911836148921833E-01   -.9295848597525305E+00    .1073272597894914E+01
    .1131073939831612E-01   -.9912462101923515E+00    .9403755892122944E+00
    .7728836144422796E-01   -.1054459666573685E+01    .8094353644351153E+00
    .1490543333388052E+00   -.1119172235781454E+01    .6842624297639727E+00
    .2268400110995376E+00   -.1185329667963767E+01    .5684513965732231E+00
    .3108671067809113E+00   -.1252876502010707E+01    .4650422510991024E+00
    .4013465406824873E+00   -.1321756112048541E+01    .3762334146120407E+00
    .4984773212424088E+00   -.1391910754910357E+01    .3031957379321998E+00
    .6024454567177915E+00   -.1463281618543359E+01    .2460193624974676E+00
    .7134229026537136E+00   -.1535808871312208E+01    .2037996030072795E+00
    .8315665490290771E+00   -.1609431712157118E+01    .1748404021263306E+00
    .9570172508408152E+00   -.1684088421564615E+01    .1569320748932540E+00
    .1089898905748231E+01   -.1759716413308273E+01    .1476497511234135E+00
    .1230317582247084E+01   -.1836252286916012E+01    .1446220762311645E+00
    .1378360701678938E+01   -.1913631880820007E+01    .1457340073060615E+00
    .1534096277205786E+01   -.1991790326144632E+01    .1492474995075845E+00
    .1697572212693619E+01   -.2070662101087354E+01    .1538432099147764E+00
    .1868815664252103E+01   -.2150181085846985E+01    .1586001573921152E+00
    .2047832466971440E+01   -.2230280618053258E+01    .1629364437405568E+00
    .2234606629182601E+01   -.2310893548651235E+01    .1665333464318143E+00
    .2429099896343997E+01   -.2391952298193723E+01    .1692598216702830E+00
    .2631251386427271E+01   -.2473388913494489E+01    .1711076268062791E+00
    .2840977298437787E+01   -.2555135124594795E+01    .1721411546259125E+00
    .3058170695462462E+01   -.2637122401995483E+01    .1724618269584566E+00
    .3282701363389723E+01   -.2719282014106638E+01    .1721846678136504E+00
    .3514415746194196E+01   -.2801545084866675E+01    .1714240053766551E+00
    .3753136958423365E+01   -.2883842651482531E+01    .1702854938775383E+00
    .3998664875265361E+01   -.2966105722242568E+01    .1688622561608403E+00
    .4250776300317662E+01   -.3048265334353723E+01    .1672335867309128E+00
    .4509225210915974E+01   -.3130252611754411E+01    .1654651728814172E+00
    .4773743080622495E+01   -.3211998822854717E+01    .1636101592659171E+00
    .5044039278213472E+01   -.3293435438155484E+01    .1617106251215734E+00
    .5319801542248669E+01   -.3374494187697971E+01    .1597992017519615E+00
    .5600696530050679E+01   -.3455107118295948E+01    .1579006621970420E+00
    .5886370439670988E+01   -.3535206650502221E+01    .1560333855007904E+00
    .6176449703173064E+01   -.3614725635261852E+01    .1542106461497270E+00
    .6470541749321398E+01   -.3693597410204574E+01    .1524417115459802E+00
    .6768235833530001E+01   -.3771755855529199E+01    .1507327508236547E+00
    .7069103932695550E+01   -.3849135449433194E+01    .1490875698977136E+00
    .7372701702319363E+01   -.3925671323040933E+01    .1475081928012695E+00
    .7678569493110018E+01   -.4001299314784591E+01    .1459953101775283E+00
    .7986233424054989E+01   -.4075956024192088E+01    .1445486139638622E+00
    .8295206508755992E+01   -.4149578865036998E+01    .1431670342967197E+00
    .8604989831639575E+01   -.4222106117805848E+01    .1418488917747689E+00
    .8915073770482270E+01   -.4293476981438848E+01    .1405919766125020E+00
    .9224939261529013E+01   -.4363631624300665E+01    .1393935668290007E+00
    .9534059103335206E+01   -.4432511234338499E+01    .1382504008713777E+00
    .9841899295326987E+01   -.4500058068385440E+01    .1371586255439434E+00
    .1014792040695164E+02   -.4566215500567752E+01    .1361137463023611E+00
    .1045157897318104E+02   -.4630928069775521E+01    .1351106114270115E+00
    .1075232891203582E+02   -.4694141526156854E+01    .1341434615153639E+00
    .1104962295971695E+02   -.4755802876596675E+01    .1332060689796111E+00
    .1134291411886509E+02   -.4815860429141980E+01    .1322919783375517E+00
    .1163165711541634E+02   -.4874263836336316E+01    .1313948388720606E+00
    .1191530985948613E+02   -.4930964137427163E+01    .1305088006466367E+00
    .1219333490569159E+02   -.4985913799410849E+01    .1296289279113887E+00
    .1246520090831571E+02   -.5039066756880562E+01    .1287515751407761E+00
    .1273038406672561E+02   -.5090378450644136E+01    .1278746728721634E+00
    .1298836955648074E+02   -.5139805865079172E+01    .1269978829274086E+00
    .1323865294160566E+02   -.5187307564194271E+01    .1261226025837432E+00
    .1348074156355595E+02   -.5232843726366157E+01    .1252518201900898E+00
    .1371415590247414E+02   -.5276376177723620E+01    .1243898456727984E+00
    .1393843090641620E+02   -.5317868424150389E+01    .1235419544327916E+00
    .1415311728432611E+02   -.5357285681880254E+01    .1227139902451182E+00
    .1435778275864837E+02   -.5394594906658962E+01    .1219119718928023E+00
    .1455201327359345E+02   -.5429764821448822E+01    .1211417409856840E+00
    .1473541415521085E+02   -.5462765942653343E+01    .1204086772294560E+00
    .1490761121957768E+02   -.5493570604840922E+01    .1197174949738825E+00
    .1506825182557796E+02   -.5522152983948633E+01    .1190721234015636E+00
    .1521700586893175E+02   -.5548489118949972E+01    .1184756636796779E+00
    .1535356671433742E+02   -.5572556931974884E+01    .1179304104265992E+00
    .1547765206282664E+02   -.5594336246878642E+01    .1174379218949304E+00
    .1558900475173266E+02   -.5613808806273688E+01    .1169991228361016E+00
    .1568739348512810E+02   -.5630958287081435E+01    .1166144253655875E+00
    .1577261349349342E+02   -.5645770314779649E+01    .1162838555458430E+00
    .1584448712380475E+02   -.5658232476901007E+01    .1160071762023077E+00
    .1590286436989205E+02   -.5668334337791695E+01    .1157839991939030E+00
    .1594762339432089E+02   -.5676067463734811E+01    .1156138825735116E+00
    .1597867138522554E+02   -.5681425517864514E+01    .1154964088270418E+00
    .1599595024178626E+02   -.5684405199658189E+01    .1154312260547956E+00
    .1600017159478634E+02   -.5684107811072304E+01    .1154158707749623E+00
    .1600090367219293E+02   -.5679858605824146E+01    .1154157030831168E+00
    .1600221889864772E+02   -.5672216625376412E+01    .1154162237427991E+00
    .1600411442320415E+02   -.5661184738679179E+01    .1154182550227623E+00
    .1600658575075984E+02   -.5646769331208885E+01    .1154223466998971E+00
    .1600962698249391E+02   -.5628978969111680E+01    .1154287018625889E+00
    .1601323085157467E+02   -.5607824268835047E+01    .1154372761454703E+00
    .1601738874455976E+02   -.5583317867436762E+01    .1154479046576739E+00
    .1602209072305753E+02   -.5555474408826453E+01    .1154603989500046E+00
    .1602732554784033E+02   -.5524310532949035E+01    .1154745952837630E+00
    .1603308070584953E+02   -.5489844865036254E+01    .1154903683181648E+00
    .1603934244016722E+02   -.5452098004123770E+01    .1155076266986986E+00
    .1604609578292959E+02   -.5411092510571605E+01    .1155263020262487E+00
    .1605332459112083E+02   -.5366852892493925E+01    .1155463386609305E+00
    .1606101158516917E+02   -.5319405591063894E+01    .1155676868548544E+00
    .1606913839025639E+02   -.5268778964683269E+01    .1155902985191397E+00
    .1607768558024337E+02   -.5215003272016946E+01    .1156141248233742E+00
    .1608663272410772E+02   -.5158110653897874E+01    .1156391150737748E+00
    .1609595843478278E+02   -.5098135114110622E+01    .1156652162432860E+00
    .1610564042028158E+02   -.5035112499063683E+01    .1156923727740220E+00
    .1611565553698362E+02   -.4969080476361825E+01    .1157205265392521E+00
    .1612597984495734E+02   -.4900078512290838E+01    .1157496168809895E+00
    .1613658866518577E+02   -.4828147848227788E+01    .1157795806709754E+00
    .1614745663855906E+02   -.4753331475990747E+01    .1158103523929576E+00
    .1615855778649242E+02   -.4675674112142548E+01    .1158418642332591E+00
    .1616986557302494E+02   -.4595222171263887E+01    .1158740461838624E+00
    .1618135296825067E+02   -.4512023738211684E+01    .1159068261580898E+00
    .1619299251293046E+02   -.4426128539379219E+01    .1159401301102767E+00
    .1620475638412995E+02   -.4337587912975233E+01    .1159738821699319E+00
    .1621661646172705E+02   -.4246454778339720E+01    .1160080047826910E+00
    .1622854439562970E+02   -.4152783604314731E+01    .1160424188633225E+00
    .1624051167354341E+02   -.4056630376689105E+01    .1160770439566531E+00
    .1625248968912648E+02   -.3958052564736553E+01    .1161117984101308E+00
    .1626444981037003E+02   -.3857109086867117E+01    .1161465995539387E+00
    .1627636344803942E+02   -.3753860275412503E+01    .1161813638916227E+00
    .1628820212401336E+02   -.3648367840566352E+01    .1162160072990610E+00
    .1629993753935748E+02   -.3540694833500997E+01    .1162504452314474E+00
    .1631154164196952E+02   -.3430905608682727E+01    .1162845929388378E+00
    .1632298669363453E+02   -.3319065785408119E+01    .1163183656882592E+00
    .1633424533632973E+02   -.3205242208584389E+01    .1163516789927996E+00
    .1634529065762064E+02   -.3089502908777226E+01    .1163844488461676E+00
    .1635609625499194E+02   -.2971917061549978E+01    .1164165919626284E+00
    .1636663629895960E+02   -.2852554946118488E+01    .1164480260206715E+00
    .1637688559481311E+02   -.2731487903346302E+01    .1164786699100984E+00
    .1638681964284046E+02   -.2608788293105348E+01    .1165084439812487E+00
    .1639641469689170E+02   -.2484529451027560E+01    .1165372702953078E+00
    .1640564782114135E+02   -.2358785644673330E+01    .1165650728747471E+00
    .1641449694491364E+02   -.2231632029142935E+01    .1165917779527120E+00
    .1642294091543990E+02   -.2103144602157510E+01    .1166173142202812E+00
    .1643095954842168E+02   -.1973400158636405E+01    .1166416130703769E+00
    .1643853367627888E+02   -.1842476244798054E+01    .1166646088371905E+00
    .1644564519396758E+02   -.1710451111811822E+01    .1166862390299334E+00
    .1645227710225797E+02   -.1577403669028500E+01    .1167064445597385E+00
    .1645841354836894E+02   -.1443413436817424E+01    .1167251699584740E+00
    .1646403986386229E+02   -.1308560499038400E+01    .1167423635882608E+00
    .1646914259970586E+02   -.1172925455176823E+01    .1167579778405723E+00
    .1647370955842182E+02   -.1036589372170644E+01    .1167719693238628E+00
    .1647772982324328E+02   -.8996337359579183E+00    .1167842990391474E+00
    .1648119378420952E+02   -.7621404027739408E+00    .1167949325438775E+00
    .1648409316113744E+02   -.6241915502270609E+00    .1168038401068744E+00
    .1648642102341434E+02   -.4858696281824093E+00    .1168109968638557E+00
    .1648817180656475E+02   -.3472573094829082E+00    .1168163830087656E+00
    .1648934132555159E+02   -.2084374405370072E+00    .1168199842069677E+00
    .1648992678478002E+02   -.6949299180268736E-01    .1168217943180221E+00
    .1648992678478002E+02    .6949299180268646E-01    .1168217943180221E+00
    .1648934132555159E+02    .2084374405370072E+00    .1168199842069677E+00
    .1648817180656475E+02    .3472573094829082E+00    .1168163830087656E+00
    .1648642102341434E+02    .4858696281824093E+00    .1168109968638557E+00
    .1648409316113744E+02    .6241915502270600E+00    .1168038401068744E+00
    .1648119378420952E+02    .7621404027739408E+00    .1167949325438775E+00
    .1647772982324328E+02    .8996337359579183E+00    .1167842990391474E+00
    .1647370955842182E+02    .1036589372170644E+01    .1167719693238628E+00
    .1646914259970586E+02    .1172925455176824E+01    .1167579778405723E+00
    .1646403986386229E+02    .1308560499038400E+01    .1167423635882608E+00
    .1645841354836894E+02    .1443413436817424E+01    .1167251699584740E+00
    .1645227710225797E+02    .1577403669028500E+01    .1167064445597385E+00
    .1644564519396758E+02    .1710451111811822E+01    .1166862390299334E+00
    .1643853367627888E+02    .1842476244798054E+01    .1166646088371905E+00
    .1643095954842168E+02    .1973400158636404E+01    .1166416130703769E+00
    .1642294091543990E+02    .2103144602157511E+01    .1166173142202812E+00
    .1641449694491364E+02    .2231632029142935E+01    .1165917779527120E+00
    .1640564782114135E+02    .2358785644673331E+01    .1165650728747471E+00
    .1639641469689170E+02    .2484529451027560E+01    .1165372702953078E+00
    .1638681964284046E+02    .2608788293105348E+01    .1165084439812487E+00
    .1637688559481311E+02    .2731487903346302E+01    .1164786699100984E+00
    .1636663629895960E+02    .2852554946118488E+01    .1164480260206715E+00
    .1635609625499194E+02    .2971917061549979E+01    .1164165919626284E+00
    .1634529065762064E+02    .3089502908777225E+01    .1163844488461676E+00
    .1633424533632973E+02    .3205242208584388E+01    .1163516789927996E+00
    .1632298669363453E+02    .3319065785408118E+01    .1163183656882592E+00
    .1631154164196952E+02    .3430905608682727E+01    .1162845929388378E+00
    .1629993753935748E+02    .3540694833500997E+01    .1162504452314474E+00
    .1628820212401336E+02    .3648367840566353E+01    .1162160072990610E+00
    .1627636344803942E+02    .3753860275412503E+01    .1161813638916227E+00
    .1626444981037003E+02    .3857109086867116E+01    .1161465995539387E+00
    .1625248968912648E+02    .3958052564736553E+01    .1161117984101308E+00
    .1624051167354341E+02    .4056630376689105E+01    .1160770439566531E+00
    .1622854439562970E+02    .4152783604314733E+01    .1160424188633225E+00
    .1621661646172705E+02    .4246454778339721E+01    .1160080047826910E+00
    .1620475638412995E+02    .4337587912975233E+01    .1159738821699319E+00
    .1619299251293046E+02    .4426128539379219E+01    .1159401301102767E+00
    .1618135296825067E+02    .4512023738211685E+01    .1159068261580898E+00
    .1616986557302494E+02    .4595222171263889E+01    .1158740461838624E+00
    .1615855778649242E+02    .4675674112142548E+01    .1158418642332591E+00
    .1614745663855906E+02    .4753331475990747E+01    .1158103523929576E+00
    .1613658866518577E+02    .4828147848227789E+01    .1157795806709754E+00
    .1612597984495734E+02    .4900078512290838E+01    .1157496168809895E+00
    .1611565553698362E+02    .4969080476361825E+01    .1157205265392521E+00
    .1610564042028158E+02    .5035112499063681E+01    .1156923727740220E+00
    .1609595843478278E+02    .5098135114110622E+01    .1156652162432860E+00
    .1608663272410772E+02    .5158110653897872E+01    .1156391150737748E+00
    .1607768558024337E+02    .5215003272016947E+01    .1156141248233742E+00
    .1606913839025638E+02    .5268778964683270E+01    .1155902985191397E+00
    .1606101158516917E+02    .5319405591063894E+01    .1155676868548544E+00
    .1605332459112083E+02    .5366852892493924E+01    .1155463386609305E+00
    .1604609578292959E+02    .5411092510571605E+01    .1155263020262487E+00
    .1603934244016722E+02    .5452098004123771E+01    .1155076266986986E+00
    .1603308070584953E+02    .5489844865036255E+01    .1154903683181648E+00
    .1602732554784033E+02    .5524310532949034E+01    .1154745952837630E+00
    .1602209072305753E+02    .5555474408826454E+01    .1154603989500046E+00
    .1601738874455976E+02    .5583317867436762E+01    .1154479046576739E+00
    .1601323085157466E+02    .5607824268835048E+01    .1154372761454703E+00
    .1600962698249391E+02    .5628978969111681E+01    .1154287018625889E+00
    .1600658575075984E+02    .5646769331208887E+01    .1154223466998971E+00
    .1600411442320415E+02    .5661184738679180E+01    .1154182550227623E+00
    .1600221889864772E+02    .5672216625376413E+01    .1154162237427991E+00
    .1600090367219293E+02    .5679858605824146E+01    .1154157030831168E+00
    .1600017159478634E+02    .5684107811072304E+01    .1154158707749623E+00
   -.4899999999993638E+00    .1116615569236778E-05    .2156902610039526E+01
   -.4899999999858807E+00    .5260582789125187E-05    .2156902609952180E+01
   -.4899999999188210E+00    .1261390832256456E-04    .2156902609723693E+01
   -.4899999997299631E+00    .2300591546276267E-04    .2156902609240464E+01
   -.4899999993316581E+00    .3619323226557361E-04    .2156902608356884E+01
   -.4899999986274663E+00    .5186680961906741E-04    .2156902606913455E+01
   -.4899999975242772E+00    .6965928932541494E-04    .2156902604757212E+01
   -.4899999959447085E+00    .8915363799823099E-04    .2156902601762765E+01
   -.4899999938385430E+00    .1098929282419546E-03    .2156902597851674E+01
   -.4899999911920366E+00    .1313910507729308E-03    .2156902593008004E+01
   -.4899999880341233E+00    .1531441092865265E-03    .2156902587288942E+01
   -.4899999844388218E+00    .1746422318175027E-03    .2156902580828492E+01
   -.4899999805235004E+00    .1953815220612263E-03    .2156902573834544E+01
   -.4899999764430408E+00    .2148758707340424E-03    .2156902566578547E+01
   -.4899999723803258E+00    .2326683504403899E-03    .2156902559379174E+01
   -.4899999685338198E+00    .2483419277938837E-03    .2156902552581165E+01
   -.4899999651032929E+00    .2615292445966947E-03    .2156902546530640E+01
   -.4899999622749147E+00    .2719212517368927E-03    .2156902541549545E+01
   -.4899999602069951E+00    .2792745772703321E-03    .2156902537911522E+01
   -.4899999590173105E+00    .2834185444902206E-03    .2156902535819917E+01
   -.4899995074600259E+00    .9825366910168438E-03    .2156901755493468E+01
   -.4899919902166732E+00    .3962218484693096E-02    .2156888899323082E+01
   -.4899556798563231E+00    .9320272614394935E-02    .2156826933242048E+01
   -.4898516232641013E+00    .1705339855751128E-01    .2156649402559919E+01
   -.4896237713695412E+00    .2715525944819972E-01    .2156260411611099E+01
   -.4891992142388673E+00    .3961742156955762E-01    .2155534387349945E+01
   -.4884884872716362E+00    .5442944926777166E-01    .2154315264346960E+01
   -.4873859473312469E+00    .7157893007551833E-01    .2152414720817452E+01
   -.4857702174822406E+00    .9105148947056424E-01    .2149609061122022E+01
   -.4835046987674712E+00    .1128308043743215E+00    .2145634355313003E+01
   -.4804381472215193E+00    .1368986173992350E+00    .2140179533132290E+01
   -.4764053140860834E+00    .1632347524005733E+00    .2132877313803544E+01
   -.4712276469693539E+00    .1918171315082839E+00    .2123293159928759E+01
   -.4647140494753247E+00    .2226217936958630E+00    .2110912895658778E+01
   -.4566616966213423E+00    .2556229149003840E+00    .2095130236849598E+01
   -.4468569031636430E+00    .2907928296902444E+00    .2075236233799981E+01
   -.4350760417618634E+00    .3281020544689526E+00    .2050413480633726E+01
   -.4210865077351573E+00    .3675193121988169E+00    .2019738804427217E+01
   -.4046477269952390E+00    .4090115586255864E+00    .1982198850794696E+01
   -.3855122035859503E+00    .4525440099830482E+00    .1936723293941863E+01
   -.3634266031153623E+00    .4980801721549349E+00    .1882240010946706E+01
   -.3381328682354525E+00    .5455818712700350E+00    .1817755128669279E+01
   -.3093693622065009E+00    .5950092857050703E+00    .1742458073399440E+01
   -.2768720364789250E+00    .6463209794686436E+00    .1655847489087319E+01
   -.2403756181346705E+00    .6994739369383577E+00    .1557868329068095E+01
   -.1996148129538337E+00    .7544235989220418E+00    .1449044247365163E+01
   -.1543255198101419E+00    .8111239000128906E+00    .1330583869449518E+01
   -.1042460520515053E+00    .8695273072072259E+00    .1204436339494489E+01
   -.4911836148921833E-01    .9295848597525305E+00    .1073272597894914E+01
    .1131073939831612E-01    .9912462101923515E+00    .9403755892122944E+00
    .7728836144422796E-01    .1054459666573685E+01    .8094353644351153E+00
    .1490543333388052E+00    .1119172235781454E+01    .6842624297639727E+00
    .2268400110995376E+00    .1185329667963767E+01    .5684513965732231E+00
    .3108671067809113E+00    .1252876502010707E+01    .4650422510991024E+00
    .4013465406824873E+00    .1321756112048541E+01    .3762334146120407E+00
    .4984773212424088E+00    .1391910754910357E+01    .3031957379321998E+00
    .6024454567177915E+00    .1463281618543359E+01    .2460193624974676E+00
    .7134229026537136E+00    .1535808871312208E+01    .2037996030072795E+00
    .8315665490290771E+00    .1609431712157118E+01    .1748404021263306E+00
    .9570172508408152E+00    .1684088421564615E+01    .1569320748932540E+00
    .1089898905748231E+01    .1759716413308273E+01    .1476497511234135E+00
    .1230317582247084E+01    .1836252286916012E+01    .1446220762311645E+00
    .1378360701678938E+01    .1913631880820007E+01    .1457340073060615E+00
    .1534096277205786E+01    .1991790326144632E+01    .1492474995075845E+00
    .1697572212693619E+01    .2070662101087354E+01    .1538432099147764E+00
    .1868815664252103E+01    .2150181085846985E+01    .1586001573921152E+00
    .2047832466971440E+01    .2230280618053258E+01    .1629364437405568E+00
    .2234606629182601E+01    .2310893548651235E+01    .1665333464318143E+00
    .2429099896343997E+01    .2391952298193723E+01    .1692598216702830E+00
    .2631251386427271E+01    .2473388913494489E+01    .1711076268062791E+00
    .2840977298437787E+01    .2555135124594795E+01    .1721411546259125E+00
    .3058170695462462E+01    .2637122401995483E+01    .1724618269584566E+00
    .3282701363389723E+01    .2719282014106638E+01    .1721846678136504E+00
    .3514415746194196E+01    .2801545084866675E+01    .1714240053766551E+00
    .3753136958423365E+01    .2883842651482531E+01    .1702854938775383E+00
    .3998664875265361E+01    .2966105722242568E+01    .1688622561608403E+00
    .4250776300317662E+01    .3048265334353723E+01    .1672335867309128E+00
    .4509225210915974E+01    .3130252611754411E+01    .1654651728814172E+00
    .4773743080622495E+01    .3211998822854717E+01    .1636101592659171E+00
    .5044039278213472E+01    .3293435438155484E+01    .1617106251215734E+00
    .5319801542248669E+01    .3374494187697971E+01    .1597992017519615E+00
    .5600696530050679E+01    .3455107118295948E+01    .1579006621970420E+00
    .5886370439670988E+01    .3535206650502221E+01    .1560333855007904E+00
    .6176449703173064E+01    .3614725635261852E+01    .1542106461497270E+00
    .6470541749321398E+01    .3693597410204574E+01    .1524417115459802E+00
    .6768235833530001E+01    .3771755855529199E+01    .1507327508236547E+00
    .7069103932695550E+01    .3849135449433194E+01    .1490875698977136E+00
    .7372701702319363E+01    .3925671323040933E+01    .1475081928012695E+00
    .7678569493110018E+01    .4001299314784591E+01    .1459953101775283E+00
    .7986233424054989E+01    .4075956024192088E+01    .1445486139638622E+00
    .8295206508755992E+01    .4149578865036998E+01    .1431670342967197E+00
    .8604989831639575E+01    .4222106117805848E+01    .1418488917747689E+00
    .8915073770482270E+01    .4293476981438848E+01    .1405919766125020E+00
    .9224939261529013E+01    .4363631624300665E+01    .1393935668290007E+00
    .9534059103335206E+01    .4432511234338499E+01    .1382504008713777E+00
    .9841899295326987E+01    .4500058068385440E+01    .1371586255439434E+00
    .1014792040695164E+02    .4566215500567752E+01    .1361137463023611E+00
    .1045157897318104E+02    .4630928069775521E+01    .1351106114270115E+00
    .1075232891203582E+02    .4694141526156854E+01    .1341434615153639E+00
    .1104962295971695E+02    .4755802876596675E+01    .1332060689796111E+00
    .1134291411886509E+02    .4815860429141980E+01    .1322919783375517E+00
    .1163165711541634E+02    .4874263836336316E+01    .1313948388720606E+00
    .1191530985948613E+02    .4930964137427163E+01    .1305088006466367E+00
    .1219333490569159E+02    .4985913799410849E+01    .1296289279113887E+00
    .1246520090831571E+02    .5039066756880562E+01    .1287515751407761E+00
    .1273038406672561E+02    .5090378450644136E+01    .1278746728721634E+00
    .1298836955648074E+02    .5139805865079172E+01    .1269978829274086E+00
    .1323865294160566E+02    .5187307564194271E+01    .1261226025837432E+00
    .1348074156355595E+02    .5232843726366157E+01    .1252518201900898E+00
    .1371415590247414E+02    .5276376177723620E+01    .1243898456727984E+00
    .1393843090641620E+02    .5317868424150389E+01    .1235419544327916E+00
    .1415311728432611E+02    .5357285681880254E+01    .1227139902451182E+00
    .1435778275864837E+02    .5394594906658962E+01    .1219119718928023E+00
    .1455201327359345E+02    .5429764821448822E+01    .1211417409856840E+00
    .1473541415521085E+02    .5462765942653343E+01    .1204086772294560E+00
    .1490761121957768E+02    .5493570604840922E+01    .1197174949738825E+00
    .1506825182557796E+02    .5522152983948633E+01    .1190721234015636E+00
    .1521700586893175E+02    .5548489118949972E+01    .1184756636796779E+00
    .1535356671433742E+02    .5572556931974884E+01    .1179304104265992E+00
    .1547765206282664E+02    .5594336246878642E+01    .1174379218949304E+00
    .1558900475173266E+02    .5613808806273688E+01    .1169991228361016E+00
    .1568739348512810E+02    .5630958287081435E+01    .1166144253655875E+00
    .1577261349349342E+02    .5645770314779649E+01    .1162838555458430E+00
    .1584448712380475E+02    .5658232476901007E+01    .1160071762023077E+00
    .1590286436989205E+02    .5668334337791695E+01    .1157839991939030E+00
    .1594762339432089E+02    .5676067463734811E+01    .1156138825735116E+00
    .1597867138522554E+02    .5681425517864514E+01    .1154964088270418E+00
    .1599595024178626E+02    .5684405199658189E+01    .1154312260547956E+00
 Bmu  2.1166031
   -.2889999999999283E+01   -.2878517588029386E-05    .3207866807606704E+01
   -.2889999999983882E+01   -.1364993471803168E-04    .3207866807447963E+01
   -.2889999999907142E+01   -.3276343934066360E-04    .3207866807149905E+01
   -.2889999999690908E+01   -.5977539136282513E-04    .3207866806692963E+01
   -.2889999999234774E+01   -.9405319390596158E-04    .3207866806052918E+01
   -.2889999998428261E+01   -.1347935353796051E-03    .3207866805204665E+01
   -.2889999997164702E+01   -.1810415413421935E-03    .3207866804126417E+01
   -.2889999995355448E+01   -.2317132165969660E-03    .3207866802804380E+01
   -.2889999992942968E+01   -.2856208694189278E-03    .3207866801236339E+01
   -.2889999989911513E+01   -.3415009555792813E-03    .3207866799435181E+01
   -.2889999986294222E+01   -.3980436970321436E-03    .3207866797430524E+01
   -.2889999982175882E+01   -.4539237831924971E-03    .3207866795269354E+01
   -.2889999977690937E+01   -.5078314360144590E-03    .3207866793014915E+01
   -.2889999973016805E+01   -.5585031112692314E-03    .3207866790743974E+01
   -.2889999968362983E+01   -.6047511172318198E-03    .3207866788542853E+01
   -.2889999963956814E+01   -.6454914587054633E-03    .3207866786502302E+01
   -.2889999960027141E+01   -.6797692612485997E-03    .3207866784711803E+01
   -.2889999956787224E+01   -.7067812132707614E-03    .3207866783253367E+01
   -.2889999954418413E+01   -.7258947178933932E-03    .3207866782196153E+01
   -.2889999953055623E+01   -.7366661350233955E-03    .3207866781591107E+01
   -.2889999435784961E+01   -.2553884462246337E-02    .3207866584341906E+01
   -.2889990824493315E+01   -.1029897360299118E-01    .3207863621677980E+01
   -.2889949229480609E+01   -.2422616775625576E-01    .3207849646058811E+01
   -.2889830028288205E+01   -.4432688787111989E-01    .3207809877111778E+01
   -.2889569014309333E+01   -.7058466252740489E-01    .3207723044349368E+01
   -.2889082666097358E+01   -.1029775699583847E+00    .3207561468496263E+01
   -.2888268498127134E+01   -.1414784847612068E+00    .3207291160228285E+01
   -.2887005491668578E+01   -.1860551432001658E+00    .3206871928162451E+01
   -.2885154604252268E+01   -.2366701815687445E+00    .3206257482260340E+01
   -.2882559355932070E+01   -.2932811712764202E+00    .3205395508529521E+01
   -.2879046490278679E+01   -.3558406558819049E+00    .3204227673458670E+01
   -.2874426707773722E+01   -.4242961915169352E+00    .3202689488828155E+01
   -.2868495469017796E+01   -.4985903911571786E+00    .3200709925892203E+01
   -.2861033864918334E+01   -.5786609728883145E+00    .3198210609094195E+01
   -.2851809550785262E+01   -.6644408122040396E+00    .3195104341109187E+01
   -.2840577741035036E+01   -.7558579983270574E+00    .3191292613234302E+01
   -.2827082260987341E+01   -.8528358945226997E+00    .3186661642817977E+01
   -.2811056652034481E+01   -.9552932023632307E+00    .3181076365562638E+01
   -.2792225326271769E+01   -.1063144029893574E+01    .3174371720947956E+01
   -.2770304766498894E+01   -.1176297963643895E+01    .3166340547746261E+01
   -.2745004767337721E+01   -.1294660144430168E+01    .3156717520859346E+01
   -.2716029713061947E+01   -.1418131346880071E+01    .3145158902539464E+01
   -.2683079887599024E+01   -.1546608062618088E+01    .3131218560870410E+01
   -.2645852812045065E+01   -.1679982587040428E+01    .3114321833908090E+01
   -.2604044604929730E+01   -.1818143109607250E+01    .3093740451690080E+01
   -.2557351360380485E+01   -.1960973807576630E+01    .3068573820471302E+01
   -.2505470539264548E+01   -.2108354943101805E+01    .3037744275059663E+01
   -.2448102368332532E+01   -.2260162963610352E+01    .3000015885223011E+01
   -.2384951242350410E+01   -.2416270605381206E+01    .2954047214057379E+01
   -.2315727124186139E+01   -.2576547000232719E+01    .2898486985862356E+01
   -.2240146937814125E+01   -.2740857785232337E+01    .2832116862211127E+01
   -.2157935949214743E+01   -.2909065215335944E+01    .2754036853815845E+01
   -.2068829130177312E+01   -.3081028278862476E+01    .2663876774744895E+01
   -.1972572500063105E+01   -.3256602815706961E+01    .2562003598920049E+01
   -.1868924440650069E+01   -.3435641638192959E+01    .2449683295750396E+01
   -.1757656979262708E+01   -.3617994654463034E+01    .2329151424434741E+01
   -.1638557035488732E+01   -.3803508994303845E+01    .2203553725889493E+01
   -.1511427626898325E+01   -.3992029137300399E+01    .2076737968835494E+01
   -.1376089029311873E+01   -.4183397043211981E+01    .1952908963724852E+01
   -.1232379887307204E+01   -.4377452284460531E+01    .1836192855311956E+01
   -.1080158270817434E+01   -.4574032180620339E+01    .1730184308164783E+01
   -.9193026738448347E+00   -.4772971934796360E+01    .1637561076457438E+01
   -.7497129515040863E+00   -.4974104771776802E+01    .1559839205181291E+01
   -.5713111918093983E+00   -.5177262077844172E+01    .1497310619334798E+01
   -.3840425188333545E+00   -.5382273542127566E+01    .1449162374604902E+01
   -.1878758240905105E+00   -.5588967299377739E+01    .1413736662201029E+01
    .1719557676516992E-01   -.5797170074045211E+01    .1388864837249488E+01
    .2311533645937782E+00   -.6006707325540680E+01    .1372203448497797E+01
    .4539537171830057E+00   -.6217403394555925E+01    .1361513984942258E+01
    .6855268915669752E+00   -.6429081650322558E+01    .1354853275700224E+01
    .9257768901239927E+00   -.6641564638685176E+01    .1350668450857856E+01
    .1174581212048571E+01   -.6854674230864767E+01    .1347811160226378E+01
    .1431790691509090E+01   -.7068231772787667E+01    .1345496559452125E+01
    .1697229423513652E+01   -.7282058234854882E+01    .1343233849367538E+01
    .1970694778214058E+01   -.7495974362026227E+01    .1340750027670570E+01
    .2251957504082349E+01   -.7709800824093445E+01    .1337920793799448E+01
    .2540761920096990E+01   -.7923358366016344E+01    .1334715228829020E+01
    .2836826196777604E+01   -.8136467958195933E+01    .1331155526443659E+01
    .3139842725609081E+01   -.8348950946558555E+01    .1327289992382041E+01
    .3449478576098856E+01   -.8560629202325186E+01    .1323176320475278E+01
    .3765376039416546E+01   -.8771325271340430E+01    .1318872109286678E+01
    .4087153257273219E+01   -.8980862522835899E+01    .1314430096387647E+01
    .4414404934410101E+01   -.9189065297503372E+01    .1309896250458515E+01
    .4746703132784014E+01   -.9395759054753544E+01    .1305309462866628E+01
    .5083598145260278E+01   -.9600770519036939E+01    .1300702044033724E+01
    .5424619446354197E+01   -.9803927825104310E+01    .1296100553057102E+01
    .5769276717300673E+01   -.1000506066208475E+02    .1291526698268688E+01
    .6117060942478374E+01   -.1020400041626077E+02    .1286998173371807E+01
    .6467445573971500E+01   -.1040058031242058E+02    .1282529365215245E+01
    .6819887760819204E+01   -.1059463555366913E+02    .1278131904710687E+01
    .7173829639280888E+01   -.1078600345958071E+02    .1273815045502207E+01
    .7528699680235767E+01   -.1097452360257726E+02    .1269585855804742E+01
    .7883914089637639E+01   -.1116003794241808E+02    .1265449206067062E+01
    .8238878257762170E+01   -.1134239095868815E+02    .1261407537523373E+01
    .8592988252813726E+01   -.1152142978117415E+02    .1257460412742633E+01
    .8945632354303338E+01   -.1169700431801864E+02    .1253603884909054E+01
    .9296192621469128E+01   -.1186896738154517E+02    .1249829777548185E+01
    .9644046491885096E+01   -.1203717481164877E+02    .1246125031089170E+01
    .9988568405295688E+01   -.1220148559664839E+02    .1242471327521338E+01
    .1032913144762039E+02   -.1236176199149990E+02    .1238845224491666E+01
    .1066510900999673E+02   -.1251786963327076E+02    .1235218993988497E+01
    .1099587645767082E+02   -.1266967765377931E+02    .1231562260634915E+01
    .1132081280350236E+02   -.1281705878930448E+02    .1227844383844138E+01
    .1163930238082626E+02   -.1295988948727386E+02    .1224037360228252E+01
    .1195073651040549E+02   -.1309805000984068E+02    .1220118882258263E+01
    .1225451515621950E+02   -.1323142453426302E+02    .1216075117022067E+01
    .1255004856485981E+02   -.1335990125000104E+02    .1211902787777085E+01
    .1283675888334887E+02   -.1348337245245094E+02    .1207610247835819E+01
    .1311408175025992E+02   -.1360173463323722E+02    .1203217404015326E+01
    .1338146785509391E+02   -.1371488856698754E+02    .1198754533930762E+01
    .1363838446096510E+02   -.1382273939451788E+02    .1194260205432660E+01
    .1388431688575896E+02   -.1392519670235841E+02    .1189778616080292E+01
    .1411876993705316E+02   -.1402217459855405E+02    .1185356711851330E+01
    .1434126929623739E+02   -.1411359178467707E+02    .1181041421167245E+01
    .1455136284742663E+02   -.1419937162399280E+02    .1176877269567379E+01
    .1474862194693858E+02   -.1427944220572393E+02    .1172904544719501E+01
    .1493264262929731E+02   -.1435373640536418E+02    .1169158082909547E+01
    .1510304674593620E+02   -.1442219194099921E+02    .1165666663395956E+01
    .1525948303300667E+02   -.1448475142560469E+02    .1162452935479772E+01
    .1540162810497052E+02   -.1454136241531237E+02    .1159533767354391E+01
    .1552918737099767E+02   -.1459197745368095E+02    .1156920893131448E+01
    .1564189587171402E+02   -.1463655411211990E+02    .1154621739356177E+01
    .1573951903487976E+02   -.1467505502692273E+02    .1152640328397312E+01
    .1582185335136030E+02   -.1470744793435371E+02    .1150978177416793E+01
    .1588872698267419E+02   -.1473370570900999E+02    .1149635133516427E+01
    .1594000035883096E+02   -.1475380642912485E+02    .1148610104491750E+01
    .1597556715987017E+02   -.1476773362327812E+02    .1147901653827337E+01
    .1599536082881860E+02   -.1477547871241886E+02    .1147508345641958E+01
    .1600101205904595E+02   -.1477470571004675E+02    .1147424092539258E+01
    .1600532982170930E+02   -.1476366074764811E+02    .1147459306984337E+01
    .1601308697365694E+02   -.1474379694212048E+02    .1147526511723802E+01
    .1602426670012245E+02   -.1471512175072796E+02    .1147626926918787E+01
    .1603884248917535E+02   -.1467765177124427E+02    .1147759816534664E+01
    .1605677954981103E+02   -.1463140926965952E+02    .1147924151554699E+01
    .1607803502255259E+02   -.1457642184131366E+02    .1148119253997181E+01
    .1610255810566876E+02   -.1451272233372046E+02    .1148344715805187E+01
    .1613029018293112E+02   -.1444034881080525E+02    .1148600198739489E+01
    .1616116496583380E+02   -.1435934452478936E+02    .1148885334478112E+01
    .1619510865286764E+02   -.1426975788825167E+02    .1149199702285028E+01
    .1623204010629236E+02   -.1417164244428109E+02    .1149542830874002E+01
    .1627187104625820E+02   -.1406505683403839E+02    .1149914201024425E+01
    .1631450626191670E+02   -.1395006476148315E+02    .1150313245684811E+01
    .1635984383905896E+02   -.1382673495517670E+02    .1150739348827333E+01
    .1640777540375704E+02   -.1369514112713403E+02    .1151191843823533E+01
    .1645818638143537E+02   -.1355536192872559E+02    .1151670011622797E+01
    .1651095627075778E+02   -.1340748090364264E+02    .1152173078874239E+01
    .1656595893167804E+02   -.1325158643794800E+02    .1152700216068632E+01
    .1662306288696684E+02   -.1308777170723823E+02    .1153250535754022E+01
    .1668213163649524E+02   -.1291613462094676E+02    .1153823090875658E+01
    .1674302398352385E+02   -.1273677776381992E+02    .1154416873285997E+01
    .1680559437221811E+02   -.1254980833460015E+02    .1155030812465428E+01
    .1686969323558303E+02   -.1235533808195252E+02    .1155663774492137E+01
    .1693516735298590E+02   -.1215348323767244E+02    .1156314561298237E+01
    .1700186021641237E+02   -.1194436444721445E+02    .1156981910247682E+01
    .1706961240458049E+02   -.1172810669758330E+02    .1157664494068958E+01
    .1713826196401839E+02   -.1150483924263047E+02    .1158360921172981E+01
    .1720764479619498E+02   -.1127469552580057E+02    .1159069736384432E+01
    .1727759504977786E+02   -.1103781310037384E+02    .1159789422112231E+01
    .1734794551708126E+02   -.1079433354725244E+02    .1160518399981953E+01
    .1741852803375602E+02   -.1054440239033939E+02    .1161255032949649E+01
    .1748917388076636E+02   -.1028816900956111E+02    .1161997627912643E+01
    .1755971418769262E+02   -.1002578655158515E+02    .1162744438828367E+01
    .1762998033639574E+02   -.9757411838286693E+01    .1163493670347463E+01
    .1769980436407879E+02   -.9483205273018518E+01    .1164243481962007E+01
    .1776901936478187E+02   -.9203330744740297E+01    .1164991992663936E+01
    .1783745988835083E+02   -.8917955530064683E+01    .1165737286102728E+01
    .1790496233592607E+02   -.8627250193278634E+01    .1166477416225225E+01
    .1797136535100596E+02   -.8331388484399778E+01    .1167210413374285E+01
    .1803651020515027E+02   -.8030547235328692E+01    .1167934290816987E+01
    .1810024117740142E+02   -.7724906254159238E+01    .1168647051667480E+01
    .1816240592651680E+02   -.7414648217710030E+01    .1169346696164473E+01
    .1822285585512223E+02   -.7099958562341365E+01    .1170031229258973E+01
    .1828144646491616E+02   -.6781025373122782E+01    .1170698668464340E+01
    .1833803770207555E+02   -.6458039271417554E+01    .1171347051918096E+01
    .1839249429203772E+02   -.6131193300951281E+01    .1171974446603304E+01
    .1844468606285797E+02   -.5800682812432658E+01    .1172578956676678E+01
    .1849448825637001E+02   -.5466705346795419E+01    .1173158731850833E+01
    .1854178182640540E+02   -.5129460517131204E+01    .1173711975779001E+01
    .1858645372335910E+02   -.4789149889383936E+01    .1174236954392100E+01
    .1862839716442104E+02   -.4445976861877027E+01    .1174732004139828E+01
    .1866751188882759E+02   -.4100146543745351E+01    .1175195540089454E+01
    .1870370439752289E+02   -.3751865632344763E+01    .1175626063838259E+01
    .1873688817665715E+02   -.3401342289712304E+01    .1176022171198506E+01
    .1876698390438759E+02   -.3048786018151013E+01    .1176382559619120E+01
    .1879391964048784E+02   -.2694407535013691E+01    .1176706035318908E+01
    .1881763099831237E+02   -.2338418646760440E+01    .1176991520129631E+01
    .1883806129870509E+02   -.1981032122365253E+01    .1177238058100732E+01
    .1885516170548405E+02   -.1622461566147338E+01    .1177444822051305E+01
    .1886889134217845E+02   -.1262921290103168E+01    .1177611120661039E+01
    .1887921738973901E+02   -.9026261858155532E+00    .1177736408341709E+01
    .1888611516498790E+02   -.5417915960163133E+00    .1177820309936301E+01
    .1888956817962095E+02   -.1806331858792976E+00    .1177862794320290E+01
    .1888956817962095E+02    .1806331858792976E+00    .1177862794320290E+01
    .1888611516498790E+02    .5417915960163133E+00    .1177820309936301E+01
    .1887921738973901E+02    .9026261858155532E+00    .1177736408341709E+01
    .1886889134217845E+02    .1262921290103168E+01    .1177611120661039E+01
    .1885516170548405E+02    .1622461566147336E+01    .1177444822051305E+01
    .1883806129870509E+02    .1981032122365251E+01    .1177238058100732E+01
    .1881763099831237E+02    .2338418646760440E+01    .1176991520129631E+01
    .1879391964048784E+02    .2694407535013689E+01    .1176706035318908E+01
    .1876698390438759E+02    .3048786018151013E+01    .1176382559619120E+01
    .1873688817665715E+02    .3401342289712305E+01    .1176022171198506E+01
    .1870370439752289E+02    .3751865632344763E+01    .1175626063838259E+01
    .1866751188882759E+02    .4100146543745354E+01    .1175195540089454E+01
    .1862839716442104E+02    .4445976861877026E+01    .1174732004139828E+01
    .1858645372335910E+02    .4789149889383936E+01    .1174236954392100E+01
    .1854178182640540E+02    .5129460517131204E+01    .1173711975779001E+01
    .1849448825637001E+02    .5466705346795421E+01    .1173158731850833E+01
    .1844468606285797E+02    .5800682812432658E+01    .1172578956676678E+01
    .1839249429203772E+02    .6131193300951280E+01    .1171974446603304E+01
    .1833803770207555E+02    .6458039271417555E+01    .1171347051918096E+01
    .1828144646491616E+02    .6781025373122782E+01    .1170698668464340E+01
    .1822285585512223E+02    .7099958562341363E+01    .1170031229258973E+01
    .1816240592651680E+02    .7414648217710029E+01    .1169346696164473E+01
    .1810024117740142E+02    .7724906254159237E+01    .1168647051667480E+01
    .1803651020515027E+02    .8030547235328694E+01    .1167934290816987E+01
    .1797136535100596E+02    .8331388484399779E+01    .1167210413374285E+01
    .1790496233592607E+02    .8627250193278636E+01    .1166477416225225E+01
    .1783745988835083E+02    .8917955530064681E+01    .1165737286102728E+01
    .1776901936478187E+02    .9203330744740299E+01    .1164991992663936E+01
    .1769980436407879E+02    .9483205273018518E+01    .1164243481962007E+01
    .1762998033639574E+02    .9757411838286696E+01    .1163493670347463E+01
    .1755971418769262E+02    .1002578655158515E+02    .1162744438828367E+01
    .1748917388076636E+02    .1028816900956111E+02    .1161997627912643E+01
    .1741852803375602E+02    .1054440239033939E+02    .1161255032949649E+01
    .1734794551708126E+02    .1079433354725244E+02    .1160518399981953E+01
    .1727759504977786E+02    .1103781310037384E+02    .1159789422112231E+01
    .1720764479619498E+02    .1127469552580057E+02    .1159069736384432E+01
    .1713826196401839E+02    .1150483924263047E+02    .1158360921172981E+01
    .1706961240458049E+02    .1172810669758330E+02    .1157664494068958E+01
    .1700186021641237E+02    .1194436444721445E+02    .1156981910247682E+01
    .1693516735298590E+02    .1215348323767244E+02    .1156314561298237E+01
    .1686969323558302E+02    .1235533808195253E+02    .1155663774492137E+01
    .1680559437221811E+02    .1254980833460015E+02    .1155030812465428E+01
    .1674302398352385E+02    .1273677776381992E+02    .1154416873285997E+01
    .1668213163649524E+02    .1291613462094676E+02    .1153823090875658E+01
    .1662306288696684E+02    .1308777170723823E+02    .1153250535754022E+01
    .1656595893167804E+02    .1325158643794800E+02    .1152700216068632E+01
    .1651095627075778E+02    .1340748090364264E+02    .1152173078874239E+01
    .1645818638143537E+02    .1355536192872559E+02    .1151670011622797E+01
    .1640777540375704E+02    .1369514112713403E+02    .1151191843823533E+01
    .1635984383905896E+02    .1382673495517669E+02    .1150739348827333E+01
    .1631450626191670E+02    .1395006476148315E+02    .1150313245684811E+01
    .1627187104625820E+02    .1406505683403839E+02    .1149914201024425E+01
    .1623204010629236E+02    .1417164244428109E+02    .1149542830874002E+01
    .1619510865286764E+02    .1426975788825168E+02    .1149199702285028E+01
    .1616116496583380E+02    .1435934452478936E+02    .1148885334478112E+01
    .1613029018293112E+02    .1444034881080525E+02    .1148600198739489E+01
    .1610255810566876E+02    .1451272233372046E+02    .1148344715805187E+01
    .1607803502255259E+02    .1457642184131366E+02    .1148119253997181E+01
    .1605677954981103E+02    .1463140926965952E+02    .1147924151554699E+01
    .1603884248917535E+02    .1467765177124427E+02    .1147759816534664E+01
    .1602426670012245E+02    .1471512175072796E+02    .1147626926918787E+01
    .1601308697365694E+02    .1474379694212048E+02    .1147526511723802E+01
    .1600532982170929E+02    .1476366074764811E+02    .1147459306984337E+01
    .1600101205904595E+02    .1477470571004675E+02    .1147424092539258E+01
   -.2889999999999283E+01    .2878517588029386E-05    .3207866807606704E+01
   -.2889999999983882E+01    .1364993471803168E-04    .3207866807447963E+01
   -.2889999999907142E+01    .3276343934066360E-04    .3207866807149905E+01
   -.2889999999690908E+01    .5977539136282513E-04    .3207866806692963E+01
   -.2889999999234774E+01    .9405319390596158E-04    .3207866806052918E+01
   -.2889999998428261E+01    .1347935353796051E-03    .3207866805204665E+01
   -.2889999997164702E+01    .1810415413421935E-03    .3207866804126417E+01
   -.2889999995355448E+01    .2317132165969660E-03    .3207866802804380E+01
   -.2889999992942968E+01    .2856208694189278E-03    .3207866801236339E+01
   -.2889999989911513E+01    .3415009555792813E-03    .3207866799435181E+01
   -.2889999986294222E+01    .3980436970321436E-03    .3207866797430524E+01
   -.2889999982175882E+01    .4539237831924971E-03    .3207866795269354E+01
   -.2889999977690937E+01    .5078314360144590E-03    .3207866793014915E+01
   -.2889999973016805E+01    .5585031112692314E-03    .3207866790743974E+01
   -.2889999968362983E+01    .6047511172318198E-03    .3207866788542853E+01
   -.2889999963956814E+01    .6454914587054633E-03    .3207866786502302E+01
   -.2889999960027141E+01    .6797692612485997E-03    .3207866784711803E+01
   -.2889999956787224E+01    .7067812132707614E-03    .3207866783253367E+01
   -.2889999954418413E+01    .7258947178933932E-03    .3207866782196153E+01
   -.2889999953055623E+01    .7366661350233955E-03    .3207866781591107E+01
   -.2889999435784961E+01    .2553884462246337E-02    .3207866584341906E+01
   -.2889990824493315E+01    .1029897360299118E-01    .3207863621677980E+01
   -.2889949229480609E+01    .2422616775625576E-01    .3207849646058811E+01
   -.2889830028288205E+01    .4432688787111989E-01    .3207809877111778E+01
   -.2889569014309333E+01    .7058466252740489E-01    .3207723044349368E+01
   -.2889082666097358E+01    .1029775699583847E+00    .3207561468496263E+01
   -.2888268498127134E+01    .1414784847612068E+00    .3207291160228285E+01
   -.2887005491668578E+01    .1860551432001658E+00    .3206871928162451E+01
   -.2885154604252268E+01    .2366701815687445E+00    .3206257482260340E+01
   -.2882559355932070E+01    .2932811712764202E+00    .3205395508529521E+01
   -.2879046490278679E+01    .3558406558819049E+00    .3204227673458670E+01
   -.2874426707773722E+01    .4242961915169352E+00    .3202689488828155E+01
   -.2868495469017796E+01    .4985903911571786E+00    .3200709925892203E+01
   -.2861033864918334E+01    .5786609728883145E+00    .3198210609094195E+01
   -.2851809550785262E+01    .6644408122040396E+00    .3195104341109187E+01
   -.2840577741035036E+01    .7558579983270574E+00    .3191292613234302E+01
   -.2827082260987341E+01    .8528358945226997E+00    .3186661642817977E+01
   -.2811056652034481E+01    .9552932023632307E+00    .3181076365562638E+01
   -.2792225326271769E+01    .1063144029893574E+01    .3174371720947956E+01
   -.2770304766498894E+01    .1176297963643895E+01    .3166340547746261E+01
   -.2745004767337721E+01    .1294660144430168E+01    .3156717520859346E+01
   -.2716029713061947E+01    .1418131346880071E+01    .3145158902539464E+01
   -.2683079887599024E+01    .1546608062618088E+01    .3131218560870410E+01
   -.2645852812045065E+01    .1679982587040428E+01    .3114321833908090E+01
   -.2604044604929730E+01    .1818143109607250E+01    .3093740451690080E+01
   -.2557351360380485E+01    .1960973807576630E+01    .3068573820471302E+01
   -.2505470539264548E+01    .2108354943101805E+01    .3037744275059663E+01
   -.2448102368332532E+01    .2260162963610352E+01    .3000015885223011E+01
   -.2384951242350410E+01    .2416270605381206E+01    .2954047214057379E+01
   -.2315727124186139E+01    .2576547000232719E+01    .2898486985862356E+01
   -.2240146937814125E+01    .2740857785232337E+01    .2832116862211127E+01
   -.2157935949214743E+01    .2909065215335944E+01    .2754036853815845E+01
   -.2068829130177312E+01    .3081028278862476E+01    .2663876774744895E+01
   -.1972572500063105E+01    .3256602815706961E+01    .2562003598920049E+01
   -.1868924440650069E+01    .3435641638192959E+01    .2449683295750396E+01
   -.1757656979262708E+01    .3617994654463034E+01    .2329151424434741E+01
   -.1638557035488732E+01    .3803508994303845E+01    .2203553725889493E+01
   -.1511427626898325E+01    .3992029137300399E+01    .2076737968835494E+01
   -.1376089029311873E+01    .4183397043211981E+01    .1952908963724852E+01
   -.1232379887307204E+01    .4377452284460531E+01    .1836192855311956E+01
   -.1080158270817434E+01    .4574032180620339E+01    .1730184308164783E+01
   -.9193026738448347E+00    .4772971934796360E+01    .1637561076457438E+01
   -.7497129515040863E+00    .4974104771776802E+01    .1559839205181291E+01
   -.5713111918093983E+00    .5177262077844172E+01    .1497310619334798E+01
   -.3840425188333545E+00    .5382273542127566E+01    .1449162374604902E+01
   -.1878758240905105E+00    .5588967299377739E+01    .1413736662201029E+01
    .1719557676516992E-01    .5797170074045211E+01    .1388864837249488E+01
    .2311533645937782E+00    .6006707325540680E+01    .1372203448497797E+01
    .4539537171830057E+00    .6217403394555925E+01    .1361513984942258E+01
    .6855268915669752E+00    .6429081650322558E+01    .1354853275700224E+01
    .9257768901239927E+00    .6641564638685176E+01    .1350668450857856E+01
    .1174581212048571E+01    .6854674230864767E+01    .1347811160226378E+01
    .1431790691509090E+01    .7068231772787667E+01    .1345496559452125E+01
    .1697229423513652E+01    .7282058234854882E+01    .1343233849367538E+01
    .1970694778214058E+01    .7495974362026227E+01    .1340750027670570E+01
    .2251957504082349E+01    .7709800824093445E+01    .1337920793799448E+01
    .2540761920096990E+01    .7923358366016344E+01    .1334715228829020E+01
    .2836826196777604E+01    .8136467958195933E+01    .1331155526443659E+01
    .3139842725609081E+01    .8348950946558555E+01    .1327289992382041E+01
    .3449478576098856E+01    .8560629202325186E+01    .1323176320475278E+01
    .3765376039416546E+01    .8771325271340430E+01    .1318872109286678E+01
    .4087153257273219E+01    .8980862522835899E+01    .1314430096387647E+01
    .4414404934410101E+01    .9189065297503372E+01    .1309896250458515E+01
    .4746703132784014E+01    .9395759054753544E+01    .1305309462866628E+01
    .5083598145260278E+01    .9600770519036939E+01    .1300702044033724E+01
    .5424619446354197E+01    .9803927825104310E+01    .1296100553057102E+01
    .5769276717300673E+01    .1000506066208475E+02    .1291526698268688E+01
    .6117060942478374E+01    .1020400041626077E+02    .1286998173371807E+01
    .6467445573971500E+01    .1040058031242058E+02    .1282529365215245E+01
    .6819887760819204E+01    .1059463555366913E+02    .1278131904710687E+01
    .7173829639280888E+01    .1078600345958071E+02    .1273815045502207E+01
    .7528699680235767E+01    .1097452360257726E+02    .1269585855804742E+01
    .7883914089637639E+01    .1116003794241808E+02    .1265449206067062E+01
    .8238878257762170E+01    .1134239095868815E+02    .1261407537523373E+01
    .8592988252813726E+01    .1152142978117415E+02    .1257460412742633E+01
    .8945632354303338E+01    .1169700431801864E+02    .1253603884909054E+01
    .9296192621469128E+01    .1186896738154517E+02    .1249829777548185E+01
    .9644046491885096E+01    .1203717481164877E+02    .1246125031089170E+01
    .9988568405295688E+01    .1220148559664839E+02    .1242471327521338E+01
    .1032913144762039E+02    .1236176199149990E+02    .1238845224491666E+01
    .1066510900999673E+02    .1251786963327076E+02    .1235218993988497E+01
    .1099587645767082E+02    .1266967765377931E+02    .1231562260634915E+01
    .1132081280350236E+02    .1281705878930448E+02    .1227844383844138E+01
    .1163930238082626E+02    .1295988948727386E+02    .1224037360228252E+01
    .1195073651040549E+02    .1309805000984068E+02    .1220118882258263E+01
    .1225451515621950E+02    .1323142453426302E+02    .1216075117022067E+01
    .1255004856485981E+02    .1335990125000104E+02    .1211902787777085E+01
    .1283675888334887E+02    .1348337245245094E+02    .1207610247835819E+01
    .1311408175025992E+02    .1360173463323722E+02    .1203217404015326E+01
    .1338146785509391E+02    .1371488856698754E+02    .1198754533930762E+01
    .1363838446096510E+02    .1382273939451788E+02    .1194260205432660E+01
    .1388431688575896E+02    .1392519670235841E+02    .1189778616080292E+01
    .1411876993705316E+02    .1402217459855405E+02    .1185356711851330E+01
    .1434126929623739E+02    .1411359178467707E+02    .1181041421167245E+01
    .1455136284742663E+02    .1419937162399280E+02    .1176877269567379E+01
    .1474862194693858E+02    .1427944220572393E+02    .1172904544719501E+01
    .1493264262929731E+02    .1435373640536418E+02    .1169158082909547E+01
    .1510304674593620E+02    .1442219194099921E+02    .1165666663395956E+01
    .1525948303300667E+02    .1448475142560469E+02    .1162452935479772E+01
    .1540162810497052E+02    .1454136241531237E+02    .1159533767354391E+01
    .1552918737099767E+02    .1459197745368095E+02    .1156920893131448E+01
    .1564189587171402E+02    .1463655411211990E+02    .1154621739356177E+01
    .1573951903487976E+02    .1467505502692273E+02    .1152640328397312E+01
    .1582185335136030E+02    .1470744793435371E+02    .1150978177416793E+01
    .1588872698267419E+02    .1473370570900999E+02    .1149635133516427E+01
    .1594000035883096E+02    .1475380642912485E+02    .1148610104491750E+01
    .1597556715987017E+02    .1476773362327812E+02    .1147901653827337E+01
    .1599536082881860E+02    .1477547871241886E+02    .1147508345641958E+01
