   -.3422499468657835E+01   -.2697049172219678E-02    .3107447673158578E+01
   -.3422485578697263E+01   -.1405089443688718E-01    .3107431301049368E+01
   -.3422413207057106E+01   -.3447021015641242E-01    .3107346320346158E+01
   -.3422201295757467E+01   -.6394733051722255E-01    .3107097697476002E+01
   -.3421733081381011E+01   -.1024651935730972E+00    .3106548340251063E+01
   -.3420856444616937E+01   -.1500009106443456E+00    .3105519045935500E+01
   -.3419384365519575E+01   -.2065261146611310E+00    .3103788064122178E+01
   -.3417095483598515E+01   -.2720070394977505E+00    .3101090010722976E+01
   -.3413734761364003E+01   -.3464045567350471E+00    .3097113859220565E+01
   -.3409014249666458E+01   -.4296742045622358E+00    .3091499779400801E+01
   -.3402613952908895E+01   -.5217662164966559E+00    .3083834718096544E+01
   -.3394182791958686E+01   -.6226255520660778E+00    .3073646849560340E+01
   -.3383339662338746E+01   -.7321919301539501E+00    .3060399390402894E+01
   -.3369674585037808E+01   -.8503998652589357E+00    .3043484789422857E+01
   -.3352749947045611E+01   -.9771787067602253E+00    .3022220956671823E+01
   -.3332101828491946E+01   -.1112452681216267E+01    .2995851942174888E+01
   -.3307241413049186E+01   -.1256140937696342E+01    .2963556215293030E+01
   -.3277656478046749E+01   -.1408157596130492E+01    .2924466272388222E+01
   -.3242812960543290E+01   -.1568411798655689E+01    .2877703493293775E+01
   -.3202156595408910E+01   -.1736807763931296E+01    .2822431706993703E+01
   -.3155114621285714E+01   -.1913244844393571E+01    .2757931519517641E+01
   -.3101097550121044E+01   -.2097617586416293E+01    .2683694814480641E+01
   -.3039500995804236E+01   -.2289815793342342E+01    .2599534747433351E+01
   -.2969707557284997E+01   -.2489724591349089E+01    .2505701114916353E+01
   -.2891088751410019E+01   -.2697224498108536E+01    .2402985057481472E+01
   -.2803006990584441E+01   -.2912191494201404E+01    .2292792512378596E+01
   -.2704817600246725E+01   -.3134497097242609E+01    .2177164654334629E+01
   -.2595870871039486E+01   -.3364008438673934E+01    .2058726639707475E+01
   -.2475514140465319E+01   -.3600588343178069E+01    .1940553378039324E+01
   -.2343093898735717E+01   -.3844095410666603E+01    .1825953313097051E+01
   -.2197957913453155E+01   -.4094384100792976E+01    .1718188594454425E+01
   -.2039457367711278E+01   -.4351304819939948E+01    .1620168883096979E+01
   -.1866949006156277E+01   -.4614704010629564E+01    .1534167591224329E+01
   -.1679797283523845E+01   -.4884424243302230E+01    .1461608030402886E+01
   -.1477376510150743E+01   -.5160304310410030E+01    .1402955581801765E+01
   -.1259072988958057E+01   -.5442179322768059E+01    .1357734263699671E+01
   -.1024287138414638E+01   -.5729880808106187E+01    .1324663378295902E+01
   -.7724355960139184E+00   -.6023236811762382E+01    .1301886349428243E+01
   -.5029532968354378E+00   -.6322071999457366E+01    .1287246325012086E+01
   -.2152955218136401E+00   -.6626207762089209E+01    .1278557203367753E+01
    .9106008959915357E-01   -.6935462322485244E+01    .1273825833587754E+01
    .4166115676112461E+00   -.7249650844047454E+01    .1271398094505173E+01
    .7618306862572721E+00   -.7568585541226449E+01    .1270022304421952E+01
    .1127161088594009E+01   -.7892075791757957E+01    .1268841513754840E+01
    .1513016467854366E+01   -.8219928250594787E+01    .1267337240646308E+01
    .1919778809360541E+01   -.8551946965466158E+01    .1265249877081500E+01
    .2347796697858539E+01   -.8887933493995295E+01    .1262496979583513E+01
    .2797383694786164E+01   -.9227687022305350E+01    .1259103183090073E+01
    .3268816789825265E+01   -.9571004485042721E+01    .1255147741936597E+01
    .3762334930917111E+01   -.9917680686746033E+01    .1250729817602374E+01
    .4278137636737553E+01   -.1026750842448825E+02    .1245948322668735E+01
    .4816383695436669E+01   -.1062027861171862E+02    .1240892061456869E+01
    .5377189953246012E+01   -.1097578040323047E+02    .1235636264641029E+01
    .5960630196346380E+01   -.1133380132118002E+02    .1230242586390580E+01
    .6566734129170151E+01   -.1169412738208112E+02    .1224760661281133E+01
    .7195486452085794E+01   -.1205654322469980E+02    .1219230136425461E+01
    .7846826041177889E+01   -.1242083223877230E+02    .1213682641815096E+01
    .8520645232595506E+01   -.1278677669446966E+02    .1208143482623462E+01
    .9216789213694657E+01   -.1315415787253140E+02    .1202633003546365E+01
    .9935055522947902E+01   -.1352275619499061E+02    .1197167650138662E+01
    .1067519366033664E+02   -.1389235135641223E+02    .1191760778524160E+01
    .1143690480967948E+02   -.1426272245556619E+02    .1186423268138008E+01
    .1221984167408435E+02   -.1463364812745662E+02    .1181163985811687E+01
    .1302360842544277E+02   -.1500490667562819E+02    .1175990140205996E+01
    .1384776076861366E+02   -.1537627620467066E+02    .1170907556395518E+01
    .1469180612067011E+02   -.1574753475284223E+02    .1165920892536522E+01
    .1555520390530847E+02   -.1611846042473266E+02    .1161033814335243E+01
    .1643736596224378E+02   -.1648883152388663E+02    .1156249138381509E+01
    .1733765707114048E+02   -.1685842668530825E+02    .1151568952063522E+01
    .1825539558935318E+02   -.1722702500776745E+02    .1146994715436959E+01
    .1918985420247951E+02   -.1759440618582919E+02    .1142527348817176E+01
    .2014026078645604E+02   -.1796035064152655E+02    .1138167308779602E+01
    .2110579937966060E+02   -.1832463965559906E+02    .1133914654526573E+01
    .2208561126321912E+02   -.1868705549821774E+02    .1129769106091426E+01
    .2307879614745509E+02   -.1904738155911884E+02    .1125730095521859E+01
    .2408441346216303E+02   -.1940540247706839E+02    .1121796811959744E+01
    .2510148374813677E+02   -.1976090426858023E+02    .1117968241378193E+01
    .2612899014713865E+02   -.2011367445581061E+02    .1114243201625035E+01
    .2716587998725647E+02   -.2046350219355282E+02    .1110620373339597E+01
    .2821106646036413E+02   -.2081017839525613E+02    .1107098327245519E+01
    .2926343038817738E+02   -.2115349585799351E+02    .1103675548266575E+01
    .3032182207318030E+02   -.2149324938630356E+02    .1100350456854130E+01
    .3138506323049098E+02   -.2182923591483269E+02    .1097121427836106E+01
    .3245194899653615E+02   -.2216125462970406E+02    .1093986806968370E+01
    .3352125001021624E+02   -.2248910708854089E+02    .1090944925138689E+01
    .3459171456206379E+02   -.2281259733907240E+02    .1087994109761793E+01
    .3566207080672935E+02   -.2313153203625140E+02    .1085132692209789E+01
    .3673102903397252E+02   -.2344572055781361E+02    .1082359009051863E+01
    .3779728399318914E+02   -.2375497511820965E+02    .1079671393421507E+01
    .3885951726637146E+02   -.2405911088084149E+02    .1077068151180477E+01
    .3991639968427547E+02   -.2435794606853647E+02    .1074547515226703E+01
    .4096659378045949E+02   -.2465130207219267E+02    .1072107571198954E+01
    .4200875627775995E+02   -.2493900355753080E+02    .1069746150110593E+01
    .4304154060168570E+02   -.2522087856988882E+02    .1067460689092020E+01
    .4406359941513965E+02   -.2549675863699662E+02    .1065248070663699E+01
    .4507358716881767E+02   -.2576647886966929E+02    .1063104462648824E+01
    .4607016266158903E+02   -.2602987806035891E+02    .1061025192193973E+01
    .4705199160513015E+02   -.2628679877950588E+02    .1059004694438389E+01
    .4801774918706450E+02   -.2653708746963225E+02    .1057036575195233E+01
    .4896612262685636E+02   -.2678059453712078E+02    .1055113815212731E+01
    .4989581371871371E+02   -.2701717444162492E+02    .1053229121749130E+01
    .5080554135577788E+02   -.2724668578305624E+02    .1051375405280422E+01
    .5169404402991204E+02   -.2746899138609745E+02    .1049546331651948E+01
    .5256008230144963E+02   -.2768395838219032E+02    .1047736879991011E+01
    .5340244123332538E+02   -.2789145828894976E+02    .1045943829675371E+01
    .5421993278408645E+02   -.2809136708695651E+02    .1044166107670490E+01
    .5501139815436946E+02   -.2828356529388256E+02    .1042404948718304E+01
    .5577571008152977E+02   -.2846793803590528E+02    .1040663850082395E+01
    .5651177507722254E+02   -.2864437511636755E+02    .1038948333193285E+01
    .5721853560286139E+02   -.2881277108164316E+02    .1037265550353651E+01
    .5789497217801745E+02   -.2897302528416836E+02    .1035623791341417E+01
    .5854010541697264E+02   -.2912504194260251E+02    .1034031950629015E+01
    .5915299798880125E+02   -.2926873019908259E+02    .1032499011900456E+01
    .5973275649652863E+02   -.2940400417353863E+02    .1031033595271333E+01
    .6027853327110081E+02   -.2953078301503992E+02    .1029643597541928E+01
    .6078952807609745E+02   -.2964899095014490E+02    .1028335940167332E+01
    .6126498971933650E+02   -.2975855732823278E+02    .1027116425790708E+01
    .6170421756775370E+02   -.2985941666380219E+02    .1025989693520525E+01
    .6210656296221519E+02   -.2995150867573662E+02    .1024959256154358E+01
    .6247143052926356E+02   -.3003477832356380E+02    .1024027599153804E+01
    .6279827938731052E+02   -.3010917584080110E+02    .1023196320800370E+01
    .6308662424573018E+02   -.3017465676563772E+02    .1022466294773483E+01
    .6333603639754300E+02   -.3023118196965451E+02    .1021837839476876E+01
    .6354614461303427E+02   -.3027871768672576E+02    .1021310881990142E+01
    .6371663596646772E+02   -.3031723554978163E+02    .1020885107914303E+01
    .6384725674829683E+02   -.3034671267014244E+02    .1020560091058816E+01
    .6393781446652744E+02   -.3036713198586196E+02    .1020335397138842E+01
    .6398819403885769E+02   -.3037848583112664E+02    .1020210627370365E+01
    .6400119853705354E+02   -.3037582577547527E+02    .1020181631658022E+01
    .6400631187363322E+02   -.3035311805729110E+02    .1020183471940675E+01
    .6401549832779961E+02   -.3031227937611623E+02    .1020189330661902E+01
    .6402873798656368E+02   -.3025332506359647E+02    .1020201106929372E+01
    .6404599945301129E+02   -.3017628924366583E+02    .1020219514238375E+01
    .6406724152568449E+02   -.3008121769373945E+02    .1020244391931101E+01
    .6409241344798831E+02   -.2996816714802607E+02    .1020275253550046E+01
    .6412145505766480E+02   -.2983720513885936E+02    .1020311623121009E+01
    .6415429693809055E+02   -.2968840992317294E+02    .1020353145252672E+01
    .6419086058670109E+02   -.2952187042469668E+02    .1020399576061565E+01
    .6423105860361227E+02   -.2933768617651710E+02    .1020450740753988E+01
    .6427479490096385E+02   -.2913596725971274E+02    .1020506497196365E+01
    .6432196493280922E+02   -.2891683423666352E+02    .1020566713640730E+01
    .6437245594512451E+02   -.2868041807853163E+02    .1020631257381439E+01
    .6442614724539074E+02   -.2842686008673077E+02    .1020699989687901E+01
    .6448291049112748E+02   -.2815631180832860E+02    .1020772763783939E+01
    .6454260999669984E+02   -.2786893494538350E+02    .1020849424155136E+01
    .6460510305767075E+02   -.2756490125824455E+02    .1020929806410715E+01
    .6467024029192666E+02   -.2724439246285914E+02    .1021013737373699E+01
    .6473786599676262E+02   -.2690760012214180E+02    .1021101035266736E+01
    .6480781852107437E+02   -.2655472553146520E+02    .1021191509949127E+01
    .6487993065176829E+02   -.2618597959833862E+02    .1021284963187576E+01
    .6495403001346590E+02   -.2580158271634471E+02    .1021381188952430E+01
    .6502993948054771E+02   -.2540176463340853E+02    .1021479973740087E+01
    .6510747760055163E+02   -.2498676431447711E+02    .1021581096921052E+01
    .6518645902791395E+02   -.2455682979869107E+02    .1021684331113379E+01
    .6526669496701615E+02   -.2411221805113354E+02    .1021789442583031E+01
    .6534799362347852E+02   -.2365319480924458E+02    .1021896191670579E+01
    .6543016066262190E+02   -.2318003442399293E+02    .1022004333245062E+01
    .6551299967400163E+02   -.2269301969589982E+02    .1022113617184943E+01
    .6559631264090332E+02   -.2219244170601287E+02    .1022223788885992E+01
    .6567990041367818E+02   -.2167859964193093E+02    .1022334589795978E+01
    .6576356318578645E+02   -.2115180061898394E+02    .1022445757975702E+01
    .6584710097141105E+02   -.2061235949667453E+02    .1022557028685732E+01
    .6593031408349979E+02   -.2006059869049119E+02    .1022668134998016E+01
    .6601300361109330E+02   -.1949684797920536E+02    .1022778808431383E+01
    .6609497189479789E+02   -.1892144430776765E+02    .1022888779609586E+01
    .6617602299926666E+02   -.1833473158592097E+02    .1022997778940512E+01
    .6625596318155949E+02   -.1773706048265092E+02    .1023105537314755E+01
    .6633460135426225E+02   -.1712878821659642E+02    .1023211786821668E+01
    .6641174954225839E+02   -.1651027834254555E+02    .1023316261480694E+01
    .6648722333206101E+02   -.1588190053414457E+02    .1023418697985599E+01
    .6656084231263104E+02   -.1524403036294964E+02    .1023518836458956E+01
    .6663243050662830E+02   -.1459704907395362E+02    .1023616421214078E+01
    .6670181679106419E+02   -.1394134335772181E+02    .1023711201521349E+01
    .6676883530635071E+02   -.1327730511927308E+02    .1023802932375747E+01
    .6683332585276784E+02   -.1260533124384431E+02    .1023891375262185E+01
    .6689513427340185E+02   -.1192582335967833E+02    .1023976298915146E+01
    .6695411282263888E+02   -.1123918759797696E+02    .1024057480069013E+01
    .6701012051933303E+02   -.1054583435016275E+02    .1024134704195381E+01
    .6706302348380501E+02   -.9846178022594458E+01    .1024207766223662E+01
    .6711269525786540E+02   -.9140636788882851E+01    .1024276471241300E+01
    .6715901710709771E+02   -.8429632339954866E+01    .1024340635170076E+01
    .6720187830467891E+02   -.7713589632015574E+01    .1024400085415236E+01
    .6724117639605851E+02   -.6992936632558494E+01    .1024454661484722E+01
    .6727681744386385E+02   -.6268104064576127E+01    .1024504215576748E+01
    .6730871625244623E+02   -.5539525149123578E+01    .1024548613135948E+01
    .6733679657153081E+02   -.4807635346389107E+01    .1024587733382524E+01
    .6736099127848379E+02   -.4072872095426428E+01    .1024621469828822E+01
    .6738124253876094E+02   -.3335674552704194E+01    .1024649730824603E+01
    .6739750194415423E+02   -.2596483329629104E+01    .1024672440257382E+01
    .6740973062850580E+02   -.1855740229199345E+01    .1024689538871871E+01
    .6741789936061282E+02   -.1113887981945875E+01    .1024700988595088E+01
    .6742198861410127E+02   -.3713699813193257E+00    .1024706806046688E+01
    .6742198861410127E+02    .3713699813193220E+00    .1024706806046688E+01
    .6741789936061282E+02    .1113887981945875E+01    .1024700988595088E+01
    .6740973062850580E+02    .1855740229199345E+01    .1024689538871871E+01
    .6739750194415423E+02    .2596483329629101E+01    .1024672440257382E+01
    .6738124253876094E+02    .3335674552704194E+01    .1024649730824603E+01
    .6736099127848379E+02    .4072872095426428E+01    .1024621469828822E+01
    .6733679657153081E+02    .4807635346389107E+01    .1024587733382524E+01
    .6730871625244623E+02    .5539525149123571E+01    .1024548613135948E+01
    .6727681744386385E+02    .6268104064576127E+01    .1024504215576748E+01
    .6724117639605851E+02    .6992936632558498E+01    .1024454661484722E+01
    .6720187830467891E+02    .7713589632015570E+01    .1024400085415236E+01
    .6715901710709771E+02    .8429632339954866E+01    .1024340635170076E+01
    .6711269525786540E+02    .9140636788882848E+01    .1024276471241300E+01
    .6706302348380501E+02    .9846178022594454E+01    .1024207766223662E+01
    .6701012051933303E+02    .1054583435016275E+02    .1024134704195381E+01
    .6695411282263888E+02    .1123918759797696E+02    .1024057480069013E+01
    .6689513427340185E+02    .1192582335967833E+02    .1023976298915146E+01
    .6683332585276784E+02    .1260533124384431E+02    .1023891375262185E+01
    .6676883530635071E+02    .1327730511927308E+02    .1023802932375747E+01
    .6670181679106419E+02    .1394134335772181E+02    .1023711201521349E+01
    .6663243050662830E+02    .1459704907395362E+02    .1023616421214078E+01
    .6656084231263104E+02    .1524403036294964E+02    .1023518836458956E+01
    .6648722333206101E+02    .1588190053414457E+02    .1023418697985599E+01
    .6641174954225839E+02    .1651027834254556E+02    .1023316261480694E+01
    .6633460135426225E+02    .1712878821659642E+02    .1023211786821668E+01
    .6625596318155949E+02    .1773706048265092E+02    .1023105537314755E+01
    .6617602299926666E+02    .1833473158592096E+02    .1022997778940512E+01
    .6609497189479789E+02    .1892144430776765E+02    .1022888779609586E+01
    .6601300361109330E+02    .1949684797920536E+02    .1022778808431383E+01
    .6593031408349979E+02    .2006059869049119E+02    .1022668134998016E+01
    .6584710097141105E+02    .2061235949667452E+02    .1022557028685732E+01
    .6576356318578645E+02    .2115180061898394E+02    .1022445757975702E+01
    .6567990041367818E+02    .2167859964193093E+02    .1022334589795978E+01
    .6559631264090332E+02    .2219244170601287E+02    .1022223788885992E+01
    .6551299967400163E+02    .2269301969589982E+02    .1022113617184943E+01
    .6543016066262190E+02    .2318003442399293E+02    .1022004333245062E+01
    .6534799362347852E+02    .2365319480924457E+02    .1021896191670579E+01
    .6526669496701615E+02    .2411221805113354E+02    .1021789442583031E+01
    .6518645902791395E+02    .2455682979869108E+02    .1021684331113379E+01
    .6510747760055163E+02    .2498676431447711E+02    .1021581096921052E+01
    .6502993948054771E+02    .2540176463340854E+02    .1021479973740087E+01
    .6495403001346590E+02    .2580158271634471E+02    .1021381188952430E+01
    .6487993065176829E+02    .2618597959833862E+02    .1021284963187576E+01
    .6480781852107437E+02    .2655472553146520E+02    .1021191509949127E+01
    .6473786599676262E+02    .2690760012214180E+02    .1021101035266736E+01
    .6467024029192666E+02    .2724439246285914E+02    .1021013737373699E+01
    .6460510305767075E+02    .2756490125824455E+02    .1020929806410715E+01
    .6454260999669984E+02    .2786893494538350E+02    .1020849424155136E+01
    .6448291049112748E+02    .2815631180832860E+02    .1020772763783939E+01
    .6442614724539074E+02    .2842686008673077E+02    .1020699989687901E+01
    .6437245594512451E+02    .2868041807853163E+02    .1020631257381439E+01
    .6432196493280922E+02    .2891683423666352E+02    .1020566713640730E+01
    .6427479490096385E+02    .2913596725971274E+02    .1020506497196365E+01
    .6423105860361227E+02    .2933768617651710E+02    .1020450740753988E+01
    .6419086058670108E+02    .2952187042469668E+02    .1020399576061565E+01
    .6415429693809055E+02    .2968840992317294E+02    .1020353145252672E+01
    .6412145505766480E+02    .2983720513885936E+02    .1020311623121009E+01
    .6409241344798831E+02    .2996816714802607E+02    .1020275253550046E+01
    .6406724152568449E+02    .3008121769373945E+02    .1020244391931101E+01
    .6404599945301129E+02    .3017628924366584E+02    .1020219514238375E+01
    .6402873798656368E+02    .3025332506359648E+02    .1020201106929372E+01
    .6401549832779961E+02    .3031227937611623E+02    .1020189330661902E+01
    .6400631187363322E+02    .3035311805729109E+02    .1020183471940675E+01
    .6400119853705354E+02    .3037582577547526E+02    .1020181631658022E+01
   -.3422499468657835E+01    .2697049172219678E-02    .3107447673158578E+01
   -.3422485578697263E+01    .1405089443688718E-01    .3107431301049368E+01
   -.3422413207057106E+01    .3447021015641242E-01    .3107346320346158E+01
   -.3422201295757467E+01    .6394733051722255E-01    .3107097697476002E+01
   -.3421733081381011E+01    .1024651935730972E+00    .3106548340251063E+01
   -.3420856444616937E+01    .1500009106443456E+00    .3105519045935500E+01
   -.3419384365519575E+01    .2065261146611310E+00    .3103788064122178E+01
   -.3417095483598515E+01    .2720070394977505E+00    .3101090010722976E+01
   -.3413734761364003E+01    .3464045567350471E+00    .3097113859220565E+01
   -.3409014249666458E+01    .4296742045622358E+00    .3091499779400801E+01
   -.3402613952908895E+01    .5217662164966559E+00    .3083834718096544E+01
   -.3394182791958686E+01    .6226255520660778E+00    .3073646849560340E+01
   -.3383339662338746E+01    .7321919301539501E+00    .3060399390402894E+01
   -.3369674585037808E+01    .8503998652589357E+00    .3043484789422857E+01
   -.3352749947045611E+01    .9771787067602253E+00    .3022220956671823E+01
   -.3332101828491946E+01    .1112452681216267E+01    .2995851942174888E+01
   -.3307241413049186E+01    .1256140937696342E+01    .2963556215293030E+01
   -.3277656478046749E+01    .1408157596130492E+01    .2924466272388222E+01
   -.3242812960543290E+01    .1568411798655689E+01    .2877703493293775E+01
   -.3202156595408910E+01    .1736807763931296E+01    .2822431706993703E+01
   -.3155114621285714E+01    .1913244844393571E+01    .2757931519517641E+01
   -.3101097550121044E+01    .2097617586416293E+01    .2683694814480641E+01
   -.3039500995804236E+01    .2289815793342342E+01    .2599534747433351E+01
   -.2969707557284997E+01    .2489724591349089E+01    .2505701114916353E+01
   -.2891088751410019E+01    .2697224498108536E+01    .2402985057481472E+01
   -.2803006990584441E+01    .2912191494201404E+01    .2292792512378596E+01
   -.2704817600246725E+01    .3134497097242609E+01    .2177164654334629E+01
   -.2595870871039486E+01    .3364008438673934E+01    .2058726639707475E+01
   -.2475514140465319E+01    .3600588343178069E+01    .1940553378039324E+01
   -.2343093898735717E+01    .3844095410666603E+01    .1825953313097051E+01
   -.2197957913453155E+01    .4094384100792976E+01    .1718188594454425E+01
   -.2039457367711278E+01    .4351304819939948E+01    .1620168883096979E+01
   -.1866949006156277E+01    .4614704010629564E+01    .1534167591224329E+01
   -.1679797283523845E+01    .4884424243302230E+01    .1461608030402886E+01
   -.1477376510150743E+01    .5160304310410030E+01    .1402955581801765E+01
   -.1259072988958057E+01    .5442179322768059E+01    .1357734263699671E+01
   -.1024287138414638E+01    .5729880808106187E+01    .1324663378295902E+01
   -.7724355960139184E+00    .6023236811762382E+01    .1301886349428243E+01
   -.5029532968354378E+00    .6322071999457366E+01    .1287246325012086E+01
   -.2152955218136401E+00    .6626207762089209E+01    .1278557203367753E+01
    .9106008959915357E-01    .6935462322485244E+01    .1273825833587754E+01
    .4166115676112461E+00    .7249650844047454E+01    .1271398094505173E+01
    .7618306862572721E+00    .7568585541226449E+01    .1270022304421952E+01
    .1127161088594009E+01    .7892075791757957E+01    .1268841513754840E+01
    .1513016467854366E+01    .8219928250594787E+01    .1267337240646308E+01
    .1919778809360541E+01    .8551946965466158E+01    .1265249877081500E+01
    .2347796697858539E+01    .8887933493995295E+01    .1262496979583513E+01
    .2797383694786164E+01    .9227687022305350E+01    .1259103183090073E+01
    .3268816789825265E+01    .9571004485042721E+01    .1255147741936597E+01
    .3762334930917111E+01    .9917680686746033E+01    .1250729817602374E+01
    .4278137636737553E+01    .1026750842448825E+02    .1245948322668735E+01
    .4816383695436669E+01    .1062027861171862E+02    .1240892061456869E+01
    .5377189953246012E+01    .1097578040323047E+02    .1235636264641029E+01
    .5960630196346380E+01    .1133380132118002E+02    .1230242586390580E+01
    .6566734129170151E+01    .1169412738208112E+02    .1224760661281133E+01
    .7195486452085794E+01    .1205654322469980E+02    .1219230136425461E+01
    .7846826041177889E+01    .1242083223877230E+02    .1213682641815096E+01
    .8520645232595506E+01    .1278677669446966E+02    .1208143482623462E+01
    .9216789213694657E+01    .1315415787253140E+02    .1202633003546365E+01
    .9935055522947902E+01    .1352275619499061E+02    .1197167650138662E+01
    .1067519366033664E+02    .1389235135641223E+02    .1191760778524160E+01
    .1143690480967948E+02    .1426272245556619E+02    .1186423268138008E+01
    .1221984167408435E+02    .1463364812745662E+02    .1181163985811687E+01
    .1302360842544277E+02    .1500490667562819E+02    .1175990140205996E+01
    .1384776076861366E+02    .1537627620467066E+02    .1170907556395518E+01
    .1469180612067011E+02    .1574753475284223E+02    .1165920892536522E+01
    .1555520390530847E+02    .1611846042473266E+02    .1161033814335243E+01
    .1643736596224378E+02    .1648883152388663E+02    .1156249138381509E+01
    .1733765707114048E+02    .1685842668530825E+02    .1151568952063522E+01
    .1825539558935318E+02    .1722702500776745E+02    .1146994715436959E+01
    .1918985420247951E+02    .1759440618582919E+02    .1142527348817176E+01
    .2014026078645604E+02    .1796035064152655E+02    .1138167308779602E+01
    .2110579937966060E+02    .1832463965559906E+02    .1133914654526573E+01
    .2208561126321912E+02    .1868705549821774E+02    .1129769106091426E+01
    .2307879614745509E+02    .1904738155911884E+02    .1125730095521859E+01
    .2408441346216303E+02    .1940540247706839E+02    .1121796811959744E+01
    .2510148374813677E+02    .1976090426858023E+02    .1117968241378193E+01
    .2612899014713865E+02    .2011367445581061E+02    .1114243201625035E+01
    .2716587998725647E+02    .2046350219355282E+02    .1110620373339597E+01
    .2821106646036413E+02    .2081017839525613E+02    .1107098327245519E+01
    .2926343038817738E+02    .2115349585799351E+02    .1103675548266575E+01
    .3032182207318030E+02    .2149324938630356E+02    .1100350456854130E+01
    .3138506323049098E+02    .2182923591483269E+02    .1097121427836106E+01
    .3245194899653615E+02    .2216125462970406E+02    .1093986806968370E+01
    .3352125001021624E+02    .2248910708854089E+02    .1090944925138689E+01
    .3459171456206379E+02    .2281259733907240E+02    .1087994109761793E+01
    .3566207080672935E+02    .2313153203625140E+02    .1085132692209789E+01
    .3673102903397252E+02    .2344572055781361E+02    .1082359009051863E+01
    .3779728399318914E+02    .2375497511820965E+02    .1079671393421507E+01
    .3885951726637146E+02    .2405911088084149E+02    .1077068151180477E+01
    .3991639968427547E+02    .2435794606853647E+02    .1074547515226703E+01
    .4096659378045949E+02    .2465130207219267E+02    .1072107571198954E+01
    .4200875627775995E+02    .2493900355753080E+02    .1069746150110593E+01
    .4304154060168570E+02    .2522087856988882E+02    .1067460689092020E+01
    .4406359941513965E+02    .2549675863699662E+02    .1065248070663699E+01
    .4507358716881767E+02    .2576647886966929E+02    .1063104462648824E+01
    .4607016266158903E+02    .2602987806035891E+02    .1061025192193973E+01
    .4705199160513015E+02    .2628679877950588E+02    .1059004694438389E+01
    .4801774918706450E+02    .2653708746963225E+02    .1057036575195233E+01
    .4896612262685636E+02    .2678059453712078E+02    .1055113815212731E+01
    .4989581371871371E+02    .2701717444162492E+02    .1053229121749130E+01
    .5080554135577788E+02    .2724668578305624E+02    .1051375405280422E+01
    .5169404402991204E+02    .2746899138609745E+02    .1049546331651948E+01
    .5256008230144963E+02    .2768395838219032E+02    .1047736879991011E+01
    .5340244123332538E+02    .2789145828894976E+02    .1045943829675371E+01
    .5421993278408645E+02    .2809136708695651E+02    .1044166107670490E+01
    .5501139815436946E+02    .2828356529388256E+02    .1042404948718304E+01
    .5577571008152977E+02    .2846793803590528E+02    .1040663850082395E+01
    .5651177507722254E+02    .2864437511636755E+02    .1038948333193285E+01
    .5721853560286139E+02    .2881277108164316E+02    .1037265550353651E+01
    .5789497217801745E+02    .2897302528416836E+02    .1035623791341417E+01
    .5854010541697264E+02    .2912504194260251E+02    .1034031950629015E+01
    .5915299798880125E+02    .2926873019908259E+02    .1032499011900456E+01
    .5973275649652863E+02    .2940400417353863E+02    .1031033595271333E+01
    .6027853327110081E+02    .2953078301503992E+02    .1029643597541928E+01
    .6078952807609745E+02    .2964899095014490E+02    .1028335940167332E+01
    .6126498971933650E+02    .2975855732823278E+02    .1027116425790708E+01
    .6170421756775370E+02    .2985941666380219E+02    .1025989693520525E+01
    .6210656296221519E+02    .2995150867573662E+02    .1024959256154358E+01
    .6247143052926356E+02    .3003477832356380E+02    .1024027599153804E+01
    .6279827938731052E+02    .3010917584080110E+02    .1023196320800370E+01
    .6308662424573018E+02    .3017465676563772E+02    .1022466294773483E+01
    .6333603639754300E+02    .3023118196965451E+02    .1021837839476876E+01
    .6354614461303427E+02    .3027871768672576E+02    .1021310881990142E+01
    .6371663596646772E+02    .3031723554978163E+02    .1020885107914303E+01
    .6384725674829683E+02    .3034671267014244E+02    .1020560091058816E+01
    .6393781446652744E+02    .3036713198586196E+02    .1020335397138842E+01
    .6398819403885769E+02    .3037848583112664E+02    .1020210627370365E+01
 Bmu  4.69357083
   -.2499999930110229E+02   -.8360010258165617E-02    .3029667727503612E+01
   -.2499998097637591E+02   -.4361607970801024E-01    .3029683489934502E+01
   -.2499988546219778E+02   -.1070223351522506E+00    .3029765626650769E+01
   -.2499960575922843E+02   -.1985549726328958E+00    .3030006092304937E+01
   -.2499898773570933E+02   -.3181610112305419E+00    .3030537144045128E+01
   -.2499783058887638E+02   -.4657693767970050E+00    .3031530468602341E+01
   -.2499588744591726E+02   -.6412919836343622E+00    .3033195658322515E+01
   -.2499286610330982E+02   -.8446239808445177E+00    .3035777747118443E+01
   -.2498842990272495E+02   -.1075643866484201E+01    .3039553476187593E+01
   -.2498219874130119E+02   -.1334213577311191E+01    .3044825942587786E+01
   -.2497375021375503E+02   -.1620178577965171E+01    .3051917302292949E+01
   -.2496262088345774E+02   -.1933367956242722E+01    .3061159264945637E+01
   -.2494830767928427E+02   -.2273594526641300E+01    .3072881241211977E+01
   -.2493026941472259E+02   -.2640654942952703E+01    .3087396192992642E+01
   -.2490792842542305E+02   -.3034329820190094E+01    .3104984492266170E+01
   -.2488067232106772E+02   -.3454383865934425E+01    .3125876405525083E+01
   -.2484785584715052E+02   -.3900566021098488E+01    .3150234162521122E+01
   -.2480880285197980E+02   -.4372609610063557E+01    .3178134898844426E+01
   -.2476280835394775E+02   -.4870232500120025E+01    .3209556025097229E+01
   -.2470914070385553E+02   -.5393137270128294E+01    .3244364705242009E+01
   -.2464704383684018E+02   -.5941011388305996E+01    .3282313059115884E+01
   -.2457573960821964E+02   -.6513527399039364E+01    .3323040392514652E+01
   -.2449443020735643E+02   -.7110343118609489E+01    .3366083190758123E+01
   -.2440230064343906E+02   -.7731101839718169E+01    .3410892825493903E+01
   -.2429852129689314E+02   -.8375432544692030E+01    .3456860012008191E+01
   -.2418225052996282E+02   -.9042950127238246E+01    .3503344155317646E+01
   -.2405263734984743E+02   -.9733255622619668E+01    .3549705001958148E+01
   -.2390882411763785E+02   -.1044593644611218E+02    .3595333623212335E+01
   -.2374994929617420E+02   -.1118056663960193E+02    .3639679795268078E+01
   -.2357515022983917E+02   -.1193670712617524E+02    .3682273329068211E+01
   -.2338356594921182E+02   -.1271390597254903E+02    .3722737757415096E+01
   -.2317433999343375E+02   -.1351169865918513E+02    .3760795847058210E+01
   -.2294662324308429E+02   -.1432960835792700E+02    .3796267463836633E+01
   -.2269957675632356E+02   -.1516714621699295E+02    .3829061183883077E+01
   -.2243237460104192E+02   -.1602381165315567E+02    .3859161576439934E+01
   -.2214420667575174E+02   -.1689909265093326E+02    .3886614235051999E+01
   -.2183428151197250E+02   -.1779246606861313E+02    .3911510444308536E+01
   -.2150182905089300E+02   -.1870339795092592E+02    .3933972944587782E+01
   -.2114610338714436E+02   -.1963134384818228E+02    .3954143729552571E+01
   -.2076638547258569E+02   -.2057574914168208E+02    .3972174300824497E+01
   -.2036198577308882E+02   -.2153604937520152E+02    .3988218394077692E+01
   -.1993224687141085E+02   -.2251167059235977E+02    .4002426917370142E+01
   -.1947654600936200E+02   -.2350202967966384E+02    .4014944702873477E+01
   -.1899429756261203E+02   -.2450653471502646E+02    .4025908639410791E+01
   -.1848495544162984E+02   -.2552458532154862E+02    .4035446788386213E+01
   -.1794801541241894E+02   -.2655557302635561E+02    .4043678155479446E+01
   -.1738301733089443E+02   -.2759888162427161E+02    .4050712869361238E+01
   -.1678954728494539E+02   -.2865388754611600E+02    .4056652591181652E+01
   -.1616723963843950E+02   -.2971996023140089E+02    .4061591037579251E+01
   -.1551577897165363E+02   -.3079646250520726E+02    .4065614543973531E+01
   -.1483490191285464E+02   -.3188275095901443E+02    .4068802625523841E+01
   -.1412439885600809E+02   -.3297817633525528E+02    .4071228513162700E+01
   -.1338411555985859E+02   -.3408208391536733E+02    .4072959654440162E+01
   -.1261395462390316E+02   -.3519381391110779E+02    .4074058176021872E+01
   -.1181387683706743E+02   -.3631270185889858E+02    .4074581308453631E+01
   -.1098390239519414E+02   -.3743807901696594E+02    .4074581775565965E+01
   -.1012411198376192E+02   -.3856927276503679E+02    .4074108151520424E+01
   -.9234647722570221E+01   -.3970560700635338E+02    .4073205188539019E+01
   -.8315713969452531E+01   -.4084640257176569E+02    .4071914118129808E+01
   -.7367577980412953E+01   -.4199097762566031E+02    .4070272928301001E+01
   -.6390570423922075E+01   -.4313864807348270E+02    .4068316618931265E+01
   -.5385085747453118E+01   -.4428872797060995E+02    .4066077437175071E+01
   -.4351582394691064E+01   -.4544052993232906E+02    .4063585094540026E+01
   -.3290582872201981E+01   -.4659336554467601E+02    .4060866967078326E+01
   -.2202673664708403E+01   -.4774654577589001E+02    .4057948279979487E+01
   -.1088504998477443E+01   -.4889938138823696E+02    .4054852277728812E+01
    .5120954730920246E-01   -.5005118334995608E+02    .4051600380897626E+01
    .1215693580971262E+01   -.5120126324708333E+02    .4048212330550685E+01
    .2404108589936353E+01   -.5234893369490572E+02    .4044706321187997E+01
    .3615554782579771E+01   -.5349350874880032E+02    .4041099123078907E+01
    .4849072078979965E+01   -.5463430431421266E+02    .4037406194792632E+01
    .6103641248914851E+01   -.5577063855552925E+02    .4033641786679638E+01
    .7378185195070273E+01   -.5690183230360010E+02    .4029819036011394E+01
    .8671570379082283E+01   -.5802720946166745E+02    .4025950054441203E+01
    .9982608387691229E+01   -.5914609740945824E+02    .4022046008405851E+01
    .1131005763594715E+02   -.6025782740519870E+02    .4018117193046840E+01
    .1265262520407510E+02   -.6136173498531075E+02    .4014173100191405E+01
    .1400896880428573E+02   -.6245716036155160E+02    .4010222480897347E+01
    .1537769887350120E+02   -.6354344881535877E+02    .4006273403033314E+01
    .1675738078766095E+02   -.6461995108916514E+02    .4002333304337282E+01
    .1814653719297615E+02   -.6568602377445004E+02    .3998409041371640E+01
    .1954365044921654E+02   -.6674102969629442E+02    .3994506934773005E+01
    .2094716517983961E+02   -.6778433829421041E+02    .3990632811177364E+01
    .2235549092351041E+02   -.6881532599901740E+02    .3986792042182535E+01
    .2376700488131122E+02   -.6983337660553958E+02    .3982989580678854E+01
    .2518005475370466E+02   -.7083788164090218E+02    .3979229994809314E+01
    .2659296166109149E+02   -.7182824072820625E+02    .3975517499649769E+01
    .2800402314159696E+02   -.7280386194536452E+02    .3971855986300929E+01
    .2941151621952694E+02   -.7376416217888395E+02    .3968249047226315E+01
    .3081370053775717E+02   -.7470856747238376E+02    .3964699995009914E+01
    .3220882154715746E+02   -.7563651336964011E+02    .3961211868868108E+01
    .3359511374600726E+02   -.7654744525195289E+02    .3957787419077097E+01
    .3497080396222945E+02   -.7744081866963279E+02    .3954429054498752E+01
    .3633411467115754E+02   -.7831609966741037E+02    .3951138734350147E+01
    .3768326734145559E+02   -.7917276510357308E+02    .3947917785460274E+01
    .3901648580173286E+02   -.8001030296263905E+02    .3944766634535699E+01
    .4033199962033416E+02   -.8082821266138090E+02    .3941684464548874E+01
    .4162804749074502E+02   -.8162600534801700E+02    .3938668834915705E+01
    .4290288061502464E+02   -.8240320419439080E+02    .3935715340646350E+01
    .4415476607767393E+02   -.8315934468096410E+02    .3932817414457175E+01
    .4538199020235493E+02   -.8389397487445385E+02    .3929966383747724E+01
    .4658286188390841E+02   -.8460665569794637E+02    .3927151870534836E+01
    .4775571588816068E+02   -.8529696119332780E+02    .3924362565406534E+01
    .4889891611207690E+02   -.8596447877587400E+02    .3921587327124064E+01
    .5001085879689803E+02   -.8660880948084787E+02    .3918816478539521E+01
    .5108997568699790E+02   -.8722956820195655E+02    .3916043110955212E+01
    .5213473712731397E+02   -.8782638392152666E+02    .3913264191161355E+01
    .5314365509233724E+02   -.8839889993226004E+02    .3910481294028944E+01
    .5411528613979621E+02   -.8894677405043772E+02    .3907700850542200E+01
    .5504823428233763E+02   -.8946967882044601E+02    .3904933887932612E+01
    .5594115377068582E+02   -.8996730171050247E+02    .3902195322977663E+01
    .5679275178196323E+02   -.9043934529946755E+02    .3899502932945940E+01
    .5760179100706597E+02   -.9088552745463161E+02    .3896876160751967E+01
    .5836709213121793E+02   -.9130558150037594E+02    .3894334910746811E+01
    .5908753620207258E+02   -.9169925637761332E+02    .3891898465950521E+01
    .5976206687999310E+02   -.9206631679392474E+02    .3889584617162607E+01
    .6038969256542566E+02   -.9240654336432331E+02    .3887409050149094E+01
    .6096948839859330E+02   -.9271973274260085E+02    .3885384997298210E+01
    .6150059812709677E+02   -.9300569774325483E+02    .3883523129562085E+01
    .6198223583746507E+02   -.9326426745408183E+02    .3881831644953651E+01
    .6241368754737091E+02   -.9349528733972151E+02    .3880316500972530E+01
    .6279431265647226E+02   -.9369861933693167E+02    .3878981738200373E+01
    .6312354525678894E+02   -.9387414194376902E+02    .3877829848179632E+01
    .6340089531231028E+02   -.9402175030933549E+02    .3876862147696555E+01
    .6362594975028533E+02   -.9414135634793314E+02    .3876079131303052E+01
    .6379837366537321E+02   -.9423288898541379E+02    .3875480782377748E+01
    .6391791296151064E+02   -.9429629524085803E+02    .3875066826477660E+01
    .6398441572609246E+02   -.9433155131030787E+02    .3874836860913422E+01
    .6400875483603761E+02   -.9432329128253851E+02    .3874824958025084E+01
    .6404610572412885E+02   -.9425277906889600E+02    .3874994537043129E+01
    .6411320911467945E+02   -.9412596642358639E+02    .3875256811211090E+01
    .6420991955123230E+02   -.9394290095457609E+02    .3875570209237990E+01
    .6433600769182833E+02   -.9370368862381623E+02    .3876012893044816E+01
    .6449117257621997E+02   -.9340847157975386E+02    .3876800480691737E+01
    .6467504344768679E+02   -.9305742599397158E+02    .3877645844229388E+01
    .6488718084488542E+02   -.9265076156848784E+02    .3878364781364664E+01
    .6512707770701658E+02   -.9218872130744677E+02    .3879571064914138E+01
    .6539416060409860E+02   -.9167158133762553E+02    .3880497689195801E+01
    .6568779111477198E+02   -.9109965073007234E+02    .3881880234219324E+01
    .6600726735547022E+02   -.9047327130955638E+02    .3883111529297079E+01
    .6635182565967304E+02   -.8979281744747956E+02    .3884425698656380E+01
    .6672064240412369E+02   -.8905869583668941E+02    .3885932735529319E+01
    .6711283597801867E+02   -.8827134524762467E+02    .3887487600388221E+01
    .6752746889063184E+02   -.8743123626562226E+02    .3889053743550015E+01
    .6796355001241670E+02   -.8653887100938887E+02    .3890661315927799E+01
    .6842003694427143E+02   -.8559478283072727E+02    .3892389636282841E+01
    .6889583850932557E+02   -.8459953599565479E+02    .3893970606702876E+01
    .6938981736130482E+02   -.8355372534708118E+02    .3895613805655018E+01
    .6990079270324603E+02   -.8245797594923374E+02    .3897203844941623E+01
    .7042754311006794E+02   -.8131294271403419E+02    .3898695764577849E+01
    .7096880944825355E+02   -.8011931000964580E+02    .3900038063656650E+01
    .7152329788566634E+02   -.7887779125142120E+02    .3901076010035151E+01
    .7208968298430710E+02   -.7758912847549367E+02    .3901692674898229E+01
    .7266661086861919E+02   -.7625409189526529E+02    .3902321963111985E+01
    .7325270246176891E+02   -.7487347944105618E+02    .3902963154038517E+01
    .7384655678216603E+02   -.7344811628318922E+02    .3903614780839150E+01
    .7444675429234411E+02   -.7197885433879517E+02    .3904275336356805E+01
    .7505186029219605E+02   -.7046657176263223E+02    .3904943277042399E+01
    .7566042834845386E+02   -.6891217242222466E+02    .3905617026628994E+01
    .7627100375221470E+02   -.6731658535763354E+02    .3906294979884905E+01
    .7688212699624879E+02   -.6568076422618289E+02    .3906975506541048E+01
    .7749233726377697E+02   -.6400568673247237E+02    .3907656955423544E+01
    .7810017592037842E+02   -.6229235404401792E+02    .3908337658797711E+01
    .7870419000068161E+02   -.6054179019286879E+02    .3909015936917279E+01
    .7930293568150404E+02   -.5875504146355916E+02    .3909690102764626E+01
    .7989498173313865E+02   -.5693317576775981E+02    .3910358466962081E+01
    .8047891294053692E+02   -.5507728200600365E+02    .3911019342829674E+01
    .8105333348621076E+02   -.5318846941686670E+02    .3911671051560824E+01
    .8161687028676705E+02   -.5126786691399323E+02    .3912311927484294E+01
    .8216817627509880E+02   -.4931662241136170E+02    .3912940323378240E+01
    .8270593362038754E+02   -.4733590213719426E+02    .3913554615800450E+01
    .8322885687821994E+02   -.4532688993692036E+02    .3914153210397774E+01
    .8373569606328857E+02   -.4329078656561077E+02    .3914734547157623E+01
    .8422523963733174E+02   -.4122880897030492E+02    .3915297105564910E+01
    .8469631740517057E+02   -.3914218956266077E+02    .3915839409629269E+01
    .8514780331192016E+02   -.3703217548236154E+02    .3916360032749610E+01
    .8557861813468870E+02   -.3490002785171979E+02    .3916857602386053E+01
    .8598773206233044E+02   -.3274702102192438E+02    .3917330804513025E+01
    .8637416715708565E+02   -.3057444181138068E+02    .3917778387831760E+01
    .8673699969222355E+02   -.2838358873659936E+02    .3918199167725703E+01
    .8707536236010029E+02   -.2617577123609339E+02    .3918592029948357E+01
    .8738844634535378E+02   -.2395230888774710E+02    .3918955934040676E+01
    .8767550325827987E+02   -.2171453062012529E+02    .3919289916484866E+01
    .8793584692376814E+02   -.1946377391819324E+02    .3919593093616235E+01
    .8816885502152113E+02   -.1720138402392306E+02    .3919864664340222E+01
    .8837397057363646E+02   -.1492871313226357E+02    .3920103912753066E+01
    .8855070327599562E+02   -.1264711958295459E+02    .3920310210884137E+01
    .8869863067027723E+02   -.1035796704866853E+02    .3920483022098364E+01
    .8881739915379286E+02   -.8062623719964686E+01    .3920621906713698E+01
    .8890672482473197E+02   -.5762461487543082E+01    .3920726535431797E+01
    .8896639416079501E+02   -.3458855122286984E+01    .3920796739232937E+01
    .8899626452959299E+02   -.1153181453583893E+01    .3920832910095197E+01
    .8899626452959299E+02    .1153181453583893E+01    .3920832910095197E+01
    .8896639416079501E+02    .3458855122286984E+01    .3920796739232937E+01
    .8890672482473197E+02    .5762461487543082E+01    .3920726535431797E+01
    .8881739915379286E+02    .8062623719964686E+01    .3920621906713698E+01
    .8869863067027723E+02    .1035796704866853E+02    .3920483022098364E+01
    .8855070327599562E+02    .1264711958295458E+02    .3920310210884137E+01
    .8837397057363646E+02    .1492871313226357E+02    .3920103912753066E+01
    .8816885502152113E+02    .1720138402392306E+02    .3919864664340222E+01
    .8793584692376814E+02    .1946377391819325E+02    .3919593093616235E+01
    .8767550325827987E+02    .2171453062012529E+02    .3919289916484866E+01
    .8738844634535378E+02    .2395230888774710E+02    .3918955934040676E+01
    .8707536236010029E+02    .2617577123609339E+02    .3918592029948357E+01
    .8673699969222355E+02    .2838358873659936E+02    .3918199167725703E+01
    .8637416715708565E+02    .3057444181138068E+02    .3917778387831760E+01
    .8598773206233044E+02    .3274702102192438E+02    .3917330804513025E+01
    .8557861813468870E+02    .3490002785171979E+02    .3916857602386053E+01
    .8514780331192016E+02    .3703217548236154E+02    .3916360032749610E+01
    .8469631740517057E+02    .3914218956266077E+02    .3915839409629269E+01
    .8422523963733174E+02    .4122880897030492E+02    .3915297105564910E+01
    .8373569606328856E+02    .4329078656561077E+02    .3914734547157623E+01
    .8322885687821994E+02    .4532688993692036E+02    .3914153210397774E+01
    .8270593362038754E+02    .4733590213719425E+02    .3913554615800450E+01
    .8216817627509880E+02    .4931662241136170E+02    .3912940323378240E+01
    .8161687028676705E+02    .5126786691399324E+02    .3912311927484294E+01
    .8105333348621076E+02    .5318846941686670E+02    .3911671051560824E+01
    .8047891294053690E+02    .5507728200600366E+02    .3911019342829674E+01
    .7989498173313866E+02    .5693317576775979E+02    .3910358466962081E+01
    .7930293568150404E+02    .5875504146355917E+02    .3909690102764626E+01
    .7870419000068161E+02    .6054179019286880E+02    .3909015936917279E+01
    .7810017592037842E+02    .6229235404401794E+02    .3908337658797711E+01
    .7749233726377699E+02    .6400568673247236E+02    .3907656955423544E+01
    .7688212699624879E+02    .6568076422618289E+02    .3906975506541048E+01
    .7627100375221470E+02    .6731658535763354E+02    .3906294979884905E+01
    .7566042834845385E+02    .6891217242222467E+02    .3905617026628994E+01
    .7505186029219605E+02    .7046657176263224E+02    .3904943277042399E+01
    .7444675429234411E+02    .7197885433879516E+02    .3904275336356805E+01
    .7384655678216603E+02    .7344811628318922E+02    .3903614780839150E+01
    .7325270246176891E+02    .7487347944105618E+02    .3902963154038517E+01
    .7266661086861919E+02    .7625409189526529E+02    .3902321963111985E+01
    .7208968298430710E+02    .7758912847549367E+02    .3901692674898229E+01
    .7152329788566632E+02    .7887779125142121E+02    .3901076010035151E+01
    .7096880944825354E+02    .8011931000964582E+02    .3900038063656650E+01
    .7042754311006793E+02    .8131294271403421E+02    .3898695764577849E+01
    .6990079270324603E+02    .8245797594923376E+02    .3897203844941623E+01
    .6938981736130484E+02    .8355372534708117E+02    .3895613805655018E+01
    .6889583850932557E+02    .8459953599565479E+02    .3893970606702876E+01
    .6842003694427144E+02    .8559478283072725E+02    .3892389636282841E+01
    .6796355001241670E+02    .8653887100938887E+02    .3890661315927799E+01
    .6752746889063182E+02    .8743123626562227E+02    .3889053743550015E+01
    .6711283597801867E+02    .8827134524762467E+02    .3887487600388221E+01
    .6672064240412369E+02    .8905869583668941E+02    .3885932735529319E+01
    .6635182565967304E+02    .8979281744747956E+02    .3884425698656380E+01
    .6600726735547022E+02    .9047327130955638E+02    .3883111529297079E+01
    .6568779111477198E+02    .9109965073007234E+02    .3881880234219324E+01
    .6539416060409860E+02    .9167158133762553E+02    .3880497689195801E+01
    .6512707770701658E+02    .9218872130744677E+02    .3879571064914138E+01
    .6488718084488542E+02    .9265076156848785E+02    .3878364781364664E+01
    .6467504344768679E+02    .9305742599397156E+02    .3877645844229388E+01
    .6449117257621995E+02    .9340847157975388E+02    .3876800480691737E+01
    .6433600769182831E+02    .9370368862381626E+02    .3876012893044816E+01
    .6420991955123229E+02    .9394290095457612E+02    .3875570209237990E+01
    .6411320911467942E+02    .9412596642358642E+02    .3875256811211090E+01
    .6404610572412886E+02    .9425277906889599E+02    .3874994537043129E+01
    .6400875483603761E+02    .9432329128253851E+02    .3874824958025084E+01
   -.2499999930110229E+02    .8360010258165617E-02    .3029667727503612E+01
   -.2499998097637591E+02    .4361607970801024E-01    .3029683489934502E+01
   -.2499988546219778E+02    .1070223351522506E+00    .3029765626650769E+01
   -.2499960575922843E+02    .1985549726328958E+00    .3030006092304937E+01
   -.2499898773570933E+02    .3181610112305419E+00    .3030537144045128E+01
   -.2499783058887638E+02    .4657693767970050E+00    .3031530468602341E+01
   -.2499588744591726E+02    .6412919836343622E+00    .3033195658322515E+01
   -.2499286610330982E+02    .8446239808445177E+00    .3035777747118443E+01
   -.2498842990272495E+02    .1075643866484201E+01    .3039553476187593E+01
   -.2498219874130119E+02    .1334213577311191E+01    .3044825942587786E+01
   -.2497375021375503E+02    .1620178577965171E+01    .3051917302292949E+01
   -.2496262088345774E+02    .1933367956242722E+01    .3061159264945637E+01
   -.2494830767928427E+02    .2273594526641300E+01    .3072881241211977E+01
   -.2493026941472259E+02    .2640654942952703E+01    .3087396192992642E+01
   -.2490792842542305E+02    .3034329820190094E+01    .3104984492266170E+01
   -.2488067232106772E+02    .3454383865934425E+01    .3125876405525083E+01
   -.2484785584715052E+02    .3900566021098488E+01    .3150234162521122E+01
   -.2480880285197980E+02    .4372609610063557E+01    .3178134898844426E+01
   -.2476280835394775E+02    .4870232500120025E+01    .3209556025097229E+01
   -.2470914070385553E+02    .5393137270128294E+01    .3244364705242009E+01
   -.2464704383684018E+02    .5941011388305996E+01    .3282313059115884E+01
   -.2457573960821964E+02    .6513527399039364E+01    .3323040392514652E+01
   -.2449443020735643E+02    .7110343118609489E+01    .3366083190758123E+01
   -.2440230064343906E+02    .7731101839718169E+01    .3410892825493903E+01
   -.2429852129689314E+02    .8375432544692030E+01    .3456860012008191E+01
   -.2418225052996282E+02    .9042950127238246E+01    .3503344155317646E+01
   -.2405263734984743E+02    .9733255622619668E+01    .3549705001958148E+01
   -.2390882411763785E+02    .1044593644611218E+02    .3595333623212335E+01
   -.2374994929617420E+02    .1118056663960193E+02    .3639679795268078E+01
   -.2357515022983917E+02    .1193670712617524E+02    .3682273329068211E+01
   -.2338356594921182E+02    .1271390597254903E+02    .3722737757415096E+01
   -.2317433999343375E+02    .1351169865918513E+02    .3760795847058210E+01
   -.2294662324308429E+02    .1432960835792700E+02    .3796267463836633E+01
   -.2269957675632356E+02    .1516714621699295E+02    .3829061183883077E+01
   -.2243237460104192E+02    .1602381165315567E+02    .3859161576439934E+01
   -.2214420667575174E+02    .1689909265093326E+02    .3886614235051999E+01
   -.2183428151197250E+02    .1779246606861313E+02    .3911510444308536E+01
   -.2150182905089300E+02    .1870339795092592E+02    .3933972944587782E+01
   -.2114610338714436E+02    .1963134384818228E+02    .3954143729552571E+01
   -.2076638547258569E+02    .2057574914168208E+02    .3972174300824497E+01
   -.2036198577308882E+02    .2153604937520152E+02    .3988218394077692E+01
   -.1993224687141085E+02    .2251167059235977E+02    .4002426917370142E+01
   -.1947654600936200E+02    .2350202967966384E+02    .4014944702873477E+01
   -.1899429756261203E+02    .2450653471502646E+02    .4025908639410791E+01
   -.1848495544162984E+02    .2552458532154862E+02    .4035446788386213E+01
   -.1794801541241894E+02    .2655557302635561E+02    .4043678155479446E+01
   -.1738301733089443E+02    .2759888162427161E+02    .4050712869361238E+01
   -.1678954728494539E+02    .2865388754611600E+02    .4056652591181652E+01
   -.1616723963843950E+02    .2971996023140089E+02    .4061591037579251E+01
   -.1551577897165363E+02    .3079646250520726E+02    .4065614543973531E+01
   -.1483490191285464E+02    .3188275095901443E+02    .4068802625523841E+01
   -.1412439885600809E+02    .3297817633525528E+02    .4071228513162700E+01
   -.1338411555985859E+02    .3408208391536733E+02    .4072959654440162E+01
   -.1261395462390316E+02    .3519381391110779E+02    .4074058176021872E+01
   -.1181387683706743E+02    .3631270185889858E+02    .4074581308453631E+01
   -.1098390239519414E+02    .3743807901696594E+02    .4074581775565965E+01
   -.1012411198376192E+02    .3856927276503679E+02    .4074108151520424E+01
   -.9234647722570221E+01    .3970560700635338E+02    .4073205188539019E+01
   -.8315713969452531E+01    .4084640257176569E+02    .4071914118129808E+01
   -.7367577980412953E+01    .4199097762566031E+02    .4070272928301001E+01
   -.6390570423922075E+01    .4313864807348270E+02    .4068316618931265E+01
   -.5385085747453118E+01    .4428872797060995E+02    .4066077437175071E+01
   -.4351582394691064E+01    .4544052993232906E+02    .4063585094540026E+01
   -.3290582872201981E+01    .4659336554467601E+02    .4060866967078326E+01
   -.2202673664708403E+01    .4774654577589001E+02    .4057948279979487E+01
   -.1088504998477443E+01    .4889938138823696E+02    .4054852277728812E+01
    .5120954730920246E-01    .5005118334995608E+02    .4051600380897626E+01
    .1215693580971262E+01    .5120126324708333E+02    .4048212330550685E+01
    .2404108589936353E+01    .5234893369490572E+02    .4044706321187997E+01
    .3615554782579771E+01    .5349350874880032E+02    .4041099123078907E+01
    .4849072078979965E+01    .5463430431421266E+02    .4037406194792632E+01
    .6103641248914851E+01    .5577063855552925E+02    .4033641786679638E+01
    .7378185195070273E+01    .5690183230360010E+02    .4029819036011394E+01
    .8671570379082283E+01    .5802720946166745E+02    .4025950054441203E+01
    .9982608387691229E+01    .5914609740945824E+02    .4022046008405851E+01
    .1131005763594715E+02    .6025782740519870E+02    .4018117193046840E+01
    .1265262520407510E+02    .6136173498531075E+02    .4014173100191405E+01
    .1400896880428573E+02    .6245716036155160E+02    .4010222480897347E+01
    .1537769887350120E+02    .6354344881535877E+02    .4006273403033314E+01
    .1675738078766095E+02    .6461995108916514E+02    .4002333304337282E+01
    .1814653719297615E+02    .6568602377445004E+02    .3998409041371640E+01
    .1954365044921654E+02    .6674102969629442E+02    .3994506934773005E+01
    .2094716517983961E+02    .6778433829421041E+02    .3990632811177364E+01
    .2235549092351041E+02    .6881532599901740E+02    .3986792042182535E+01
    .2376700488131122E+02    .6983337660553958E+02    .3982989580678854E+01
    .2518005475370466E+02    .7083788164090218E+02    .3979229994809314E+01
    .2659296166109149E+02    .7182824072820625E+02    .3975517499649769E+01
    .2800402314159696E+02    .7280386194536452E+02    .3971855986300929E+01
    .2941151621952694E+02    .7376416217888395E+02    .3968249047226315E+01
    .3081370053775717E+02    .7470856747238376E+02    .3964699995009914E+01
    .3220882154715746E+02    .7563651336964011E+02    .3961211868868108E+01
    .3359511374600726E+02    .7654744525195289E+02    .3957787419077097E+01
    .3497080396222945E+02    .7744081866963279E+02    .3954429054498752E+01
    .3633411467115754E+02    .7831609966741037E+02    .3951138734350147E+01
    .3768326734145559E+02    .7917276510357308E+02    .3947917785460274E+01
    .3901648580173286E+02    .8001030296263905E+02    .3944766634535699E+01
    .4033199962033416E+02    .8082821266138090E+02    .3941684464548874E+01
    .4162804749074502E+02    .8162600534801700E+02    .3938668834915705E+01
    .4290288061502464E+02    .8240320419439080E+02    .3935715340646350E+01
    .4415476607767393E+02    .8315934468096410E+02    .3932817414457175E+01
    .4538199020235493E+02    .8389397487445385E+02    .3929966383747724E+01
    .4658286188390841E+02    .8460665569794637E+02    .3927151870534836E+01
    .4775571588816068E+02    .8529696119332780E+02    .3924362565406534E+01
    .4889891611207690E+02    .8596447877587400E+02    .3921587327124064E+01
    .5001085879689803E+02    .8660880948084787E+02    .3918816478539521E+01
    .5108997568699790E+02    .8722956820195655E+02    .3916043110955212E+01
    .5213473712731397E+02    .8782638392152666E+02    .3913264191161355E+01
    .5314365509233724E+02    .8839889993226004E+02    .3910481294028944E+01
    .5411528613979621E+02    .8894677405043772E+02    .3907700850542200E+01
    .5504823428233763E+02    .8946967882044601E+02    .3904933887932612E+01
    .5594115377068582E+02    .8996730171050247E+02    .3902195322977663E+01
    .5679275178196323E+02    .9043934529946755E+02    .3899502932945940E+01
    .5760179100706597E+02    .9088552745463161E+02    .3896876160751967E+01
    .5836709213121793E+02    .9130558150037594E+02    .3894334910746811E+01
    .5908753620207258E+02    .9169925637761332E+02    .3891898465950521E+01
    .5976206687999310E+02    .9206631679392474E+02    .3889584617162607E+01
    .6038969256542566E+02    .9240654336432331E+02    .3887409050149094E+01
    .6096948839859330E+02    .9271973274260085E+02    .3885384997298210E+01
    .6150059812709677E+02    .9300569774325483E+02    .3883523129562085E+01
    .6198223583746507E+02    .9326426745408183E+02    .3881831644953651E+01
    .6241368754737091E+02    .9349528733972151E+02    .3880316500972530E+01
    .6279431265647226E+02    .9369861933693167E+02    .3878981738200373E+01
    .6312354525678894E+02    .9387414194376902E+02    .3877829848179632E+01
    .6340089531231028E+02    .9402175030933549E+02    .3876862147696555E+01
    .6362594975028533E+02    .9414135634793314E+02    .3876079131303052E+01
    .6379837366537321E+02    .9423288898541379E+02    .3875480782377748E+01
    .6391791296151064E+02    .9429629524085803E+02    .3875066826477660E+01
    .6398441572609246E+02    .9433155131030787E+02    .3874836860913422E+01
