   -.2249920334544332E-01   -.2677665216216903E-03    .1051737947600085E+01
   -.2247790154006162E-01   -.1410269972187524E-02    .1051703164117111E+01
   -.2236668257104646E-01   -.3463895005022308E-02    .1051521572372307E+01
   -.2204118770801540E-01   -.6425971232320753E-02    .1050990280774509E+01
   -.2132304257946398E-01   -.1029204391013958E-01    .1049818910286693E+01
   -.1998121851219645E-01   -.1505623903577250E-01    .1047633304520082E+01
   -.1773379782335738E-01   -.2071130599208643E-01    .1043981531323782E+01
   -.1425013219554728E-01   -.2724863487224167E-01    .1038343013239668E+01
   -.9153380368205372E-02   -.3465827126187220E-01    .1030141715577071E+01
   -.2023408903224302E-02   -.4292893195398428E-01    .1018764336298472E+01
    .7599962559088354E-02   -.5204802234780830E-01    .1003584352910380E+01
    .2021339235980728E-01   -.6200165572291320E-01    .9839925484005742E+00
    .3634614709594312E-01   -.7277467443166531E-01    .9594342063880845E+00
    .5655595596016783E-01   -.8435067300511066E-01    .9294524681640693E+00
    .8142461579418014E-01   -.9671202314850109E-01    .8937363175389808E+00
    .1115533751378168E+00   -.1098399005935617E+00    .8521702790350434E+00
    .1475581270150983E+00   -.1237143137690981E+00    .8048812544055759E+00
    .1900644414739071E+00   -.1383141342475585E+00    .7522762216782277E+00
    .2397024699799723E+00   -.1536171289218670E+00    .6950632327254357E+00
    .2971017546515400E+00   -.1695999938639109E+00    .6342479086381896E+00
    .3628859760029582E+00   -.1862383898133418E+00    .5710991228966720E+00
    .4376676733391172E+00   -.2035069792427782E+00    .5070812128427294E+00
    .5220429722052303E+00   -.2213794649430491E+00    .4437557167294913E+00
    .6165863533460167E+00   -.2398286300697677E+00    .3826623145951412E+00
    .7218454974646115E+00   -.2588263795902864E+00    .3251946025929415E+00
    .8383362396952366E+00   -.2783437830679379E+00    .2724895024797647E+00
    .9665376671170494E+00   -.2983511187184228E+00    .2253479592594392E+00
    .1106887391843070E+01   -.3188179186712634E+00    .1841988719136158E+00
    .1259777031222385E+01   -.3397130153674048E+00    .1491093351412624E+00
    .1425547925501885E+01   -.3610045890223137E+00    .1198348756474846E+00
    .1604487121912790E+01   -.3826602160822981E+00    .9589626994092001E-01
    .1796823652585390E+01   -.4046469186002595E+00    .7666659120625316E-01
    .2002725131962341E+01   -.4269312144556903E+00    .6145357153691886E-01
    .2222294697486786E+01   -.4494791683424391E+00    .4956689896411049E-01
    .2455568315298120E+01   -.4722564434465991E+00    .4036568710410547E-01
    .2702512470487729E+01   -.4952283537358251E+00    .3328625187410636E-01
    .2963022259162611E+01   -.5183599167804499E+00    .2785349657693930E-01
    .3236919897150627E+01   -.5416159070259627E+00    .2368051619764009E-01
    .3523953657671604E+01   -.5649609094357275E+00    .2046093951396018E-01
    .3823797247709116E+01   -.5883593734222481E+00    .1795767260651324E-01
    .4136049630164062E+01   -.6117756669848561E+00    .1599062502375029E-01
    .4460235296169373E+01   -.6351741309713766E+00    .1442501320852725E-01
    .4795804989211661E+01   -.6585191333811414E+00    .1316107679130515E-01
    .5142136879957108E+01   -.6817751236266543E+00    .1212552470578313E-01
    .5498538187932008E+01   -.7049066866712790E+00    .1126470926246954E-01
    .5864247243479927E+01   -.7278785969605051E+00    .1053935405142918E-01
    .6238435980724031E+01   -.7506558720646650E+00    .9920587827476297E-02
    .6620212849621158E+01   -.7732038259514138E+00    .9387023815233464E-02
    .7008626132619794E+01   -.7954881218068447E+00    .8922644991728314E-02
    .7402667648943029E+01   -.8174748243248061E+00    .8515292435976929E-02
    .7801276827124913E+01   -.8391304513847905E+00    .8155594213554820E-02
    .8203345124149077E+01   -.8604220250396993E+00    .7836209996214673E-02
    .8607720767386077E+01   -.8813171217358409E+00    .7551298696224671E-02
    .9013213793513529E+01   -.9017839216886813E+00    .7296142002069204E-02
    .9418601356743565E+01   -.9217912573391661E+00    .7066876224802983E-02
    .9822633276986121E+01   -.9413086608168177E+00    .6860299235367719E-02
    .1022403779705534E+02   -.9603064103373364E+00    .6673729565669058E-02
    .1062152751668860E+02   -.9787555754640551E+00    .6504901960274045E-02
    .1101380547000182E+02   -.9966280611643260E+00    .6351888638709186E-02
    .1139957131205833E+02   -.1013896650593762E+01    .6213038916704132E-02
    .1177752757948646E+02   -.1030535046543193E+01    .6086932128710634E-02
    .1214638598954914E+02   -.1046517911485237E+01    .5972340346068617E-02
    .1250487374174976E+02   -.1061820906159546E+01    .5868198439489357E-02
    .1285173978595436E+02   -.1076420726638006E+01    .5773579754615713E-02
    .1318576102112258E+02   -.1090295139813543E+01    .5687676162462734E-02
    .1350574838906754E+02   -.1103423017258603E+01    .5609781583142809E-02
    .1381055282820741E+02   -.1115784367401993E+01    .5539278309910359E-02
    .1409907105302528E+02   -.1127360365975439E+01    .5475625616243542E-02
    .1437025112591881E+02   -.1138133384684191E+01    .5418350237184821E-02
    .1462309778929206E+02   -.1148087018059296E+01    .5367038395655421E-02
    .1485667752712460E+02   -.1157206108453120E+01    .5321329106543092E-02
    .1507012332685787E+02   -.1165476769145232E+01    .5280908542413677E-02
    .1526263911431656E+02   -.1172886405534862E+01    .5245505287599496E-02
    .1543350383668296E+02   -.1179423734415018E+01    .5214886343233846E-02
    .1558207517177458E+02   -.1185078801371332E+01    .5188853774972831E-02
    .1570779284792084E+02   -.1189842996496964E+01    .5167241917979686E-02
    .1581018157589031E+02   -.1193709069174783E+01    .5149915069757779E-02
    .1588885366931034E+02   -.1196671145402082E+01    .5136765603977524E-02
    .1594351194726937E+02   -.1198724770434916E+01    .5127712365490183E-02
    .1597396083268199E+02   -.1199867273885483E+01    .5122698015096097E-02
    .1601061653957100E+02   -.1201241228297377E+01    .5116688819049889E-02
    .1613678809630221E+02   -.1205958510342375E+01    .5096229741994246E-02
    .1636446496975011E+02   -.1214424492209174E+01    .5060170505446125E-02
    .1669484650890895E+02   -.1226605554284590E+01    .5009722952183342E-02
    .1712954535590402E+02   -.1242450836866941E+01    .4946519191110931E-02
    .1767057003153077E+02   -.1261893934860521E+01    .4872484837982706E-02
    .1832025603233398E+02   -.1284853315717424E+01    .4789708713066452E-02
    .1908117956203972E+02   -.1311232687429495E+01    .4700318671447313E-02
    .1995605806681789E+02   -.1340921409335242E+01    .4606375067403609E-02
    .2094763986643327E+02   -.1373794958492349E+01    .4509788294527152E-02
    .2205858508954115E+02   -.1409715452869374E+01    .4412261298184538E-02
    .2329134023929083E+02   -.1448532230064687E+01    .4315254958107102E-02
    .2464800883879409E+02   -.1490082479425709E+01    .4219974077118173E-02
    .2613022069810268E+02   -.1534191925030646E+01    .4127371484769415E-02
    .2773900239553063E+02   -.1580675556715469E+01    .4038166013487775E-02
    .2947465157330096E+02   -.1629338406101411E+01    .3952868892469916E-02
    .3133661760966923E+02   -.1679976364378449E+01    .3871813836671571E-02
    .3332339114716498E+02   -.1732377038419999E+01    .3795187630907244E-02
    .3543240483057991E+02   -.1786320641640854E+01    .3723059184785660E-02
    .3765994744080208E+02   -.1841580915863375E+01    .3655405825451236E-02
    .4000109340425132E+02   -.1897926080326265E+01    .3592136193372226E-02
    .4244964941588750E+02   -.1955119803855987E+01    .3533109553979419E-02
    .4499811964052165E+02   -.2012922196123573E+01    .3478151641349762E-02
    .4763769065698159E+02   -.2071090813829356E+01    .3427067333169457E-02
    .5035823698754959E+02   -.2129381677595509E+01    .3379650549054174E-02
    .5314834771636407E+02   -.2187550295301291E+01    .3335691794787835E-02
    .5599537435080865E+02   -.2245352687568877E+01    .3294983766302981E-02
    .5888549972514490E+02   -.2302546411098600E+01    .3257325397046966E-02
    .6180382739172185E+02   -.2358891575561489E+01    .3222524692796032E-02
    .6473449059795067E+02   -.2414151849784010E+01    .3190400654943200E-02
    .6766077961270319E+02   -.2468095453004864E+01    .3160784548018490E-02
    .7056528584951091E+02   -.2520496127046416E+01    .3133520720543348E-02
    .7343006094124524E+02   -.2571134085323453E+01    .3108467127847987E-02
    .7623678865680830E+02   -.2619796934709396E+01    .3085495435963175E-02
    .7896696731923856E+02   -.2666280566394218E+01    .3064488900643178E-02
    .8160210019049758E+02   -.2710390011999155E+01    .3045329692351872E-02
    .8412389113439025E+02   -.2751940261360177E+01    .3027856937463803E-02
    .8651444275830011E+02   -.2790757038555490E+01    .3011790161119248E-02
    .8875645416872725E+02   -.2826677532932516E+01    .2996684102711364E-02
    .9083341545644373E+02   -.2859551082089623E+01    .2982033683893761E-02
    .9272979605545780E+02   -.2889239803995369E+01    .2967531009517854E-02
    .9443122419725482E+02   -.2915619175707440E+01    .2953276214415108E-02
    .9592465481221977E+02   -.2938578556564343E+01    .2939751610508824E-02
    .9719852343148438E+02   -.2958021654557923E+01    .2927594453566449E-02
    .9824288399795644E+02   -.2973866937140275E+01    .2917357084622786E-02
    .9904952948466696E+02   -.2986047999215690E+01    .2909389606201998E-02
    .9961209980998336E+02   -.2994513981082490E+01    .2903849732986994E-02
    .9992625744134783E+02   -.2999231263127487E+01    .2900774460258556E-02
    .1000000078793524E+03   -.2999812085762162E+01    .2900055006744750E-02
    .1000000414951517E+03   -.2997569549610142E+01    .2900054060868383E-02
    .1000001018882032E+03   -.2993536461908741E+01    .2900052391494643E-02
    .1000001889275961E+03   -.2987714336758572E+01    .2900050051226273E-02
    .1000003024069226E+03   -.2980106544121998E+01    .2900047111667984E-02
    .1000004420553186E+03   -.2970717604819100E+01    .2900043658875253E-02
    .1000006075391029E+03   -.2959553121725218E+01    .2900039788942192E-02
    .1000007984627604E+03   -.2946619764101368E+01    .2900035603754248E-02
    .1000010143699363E+03   -.2931925260333175E+01    .2900031206933789E-02
    .1000012547445437E+03   -.2915478392222375E+01    .2900026700050663E-02
    .1000015190120033E+03   -.2897288989314283E+01    .2900022179324154E-02
    .1000018065406199E+03   -.2877367922837627E+01    .2900017733056105E-02
    .1000021166430937E+03   -.2855727099118412E+01    .2900013439888119E-02
    .1000024485781637E+03   -.2832379452418183E+01    .2900009367822171E-02
    .1000028015523802E+03   -.2807338937178597E+01    .2900005573870168E-02
    .1000031747220015E+03   -.2780620519666859E+01    .2900002104188029E-02
    .1000035671950112E+03   -.2752240169022131E+01    .2899998994565482E-02
    .1000039780332498E+03   -.2722214847705778E+01    .2899996271162491E-02
    .1000044062546584E+03   -.2690562501359805E+01    .2899993951400944E-02
    .1000048508356251E+03   -.2657302048078839E+01    .2899992044936989E-02
    .1000053107134329E+03   -.2622453367101589E+01    .2899990554654896E-02
    .1000057847887990E+03   -.2586037286928326E+01    .2899989477638241E-02
    .1000062719285034E+03   -.2548075572871300E+01    .2899988806087454E-02
    .1000067709680971E+03   -.2508590914045447E+01    .2899988528164231E-02
    .1000072807146859E+03   -.2467606909807091E+01    .2899988628752260E-02
    .1000077999497817E+03   -.2425148055648712E+01    .2899989090130541E-02
    .1000083274322156E+03   -.2381239728558169E+01    .2899989892560438E-02
    .1000088619011039E+03   -.2335908171851125E+01    .2899991014790737E-02
    .1000094020788631E+03   -.2289180479485712E+01    .2899992434486947E-02
    .1000099466742630E+03   -.2241084579868807E+01    .2899994128592187E-02
    .1000104943855136E+03   -.2191649219163591E+01    .2899996073627368E-02
    .1000110439033770E+03   -.2140903944108370E+01    .2899998245938377E-02
    .1000115939142966E+03   -.2088879084356903E+01    .2900000621897647E-02
    .1000121431035374E+03   -.2035605734350814E+01    .2900003178067048E-02
    .1000126901583283E+03   -.1981115734734902E+01    .2900005891328326E-02
    .1000132337710006E+03   -.1925441653326467E+01    .2900008738986744E-02
    .1000137726421133E+03   -.1868616765650019E+01    .2900011698852781E-02
    .1000143054835598E+03   -.1810675035048999E+01    .2900014749306203E-02
    .1000148310216465E+03   -.1751651092386415E+01    .2900017869345958E-02
    .1000153480001376E+03   -.1691580215346508E+01    .2900021038629019E-02
    .1000158551832581E+03   -.1630498307349819E+01    .2900024237500493E-02
    .1000163513586476E+03   -.1568441876094280E+01    .2900027447017054E-02
    .1000168353402583E+03   -.1505448011735122E+01    .2900030648965234E-02
    .1000173059711904E+03   -.1441554364716668E+01    .2900033825875754E-02
    .1000177621264569E+03   -.1376799123269253E+01    .2900036961034935E-02
    .1000182027156736E+03   -.1311220990584708E+01    .2900040038493802E-02
    .1000186266856646E+03   -.1244859161684071E+01    .2900043043075472E-02
    .1000190330229807E+03   -.1177753299991332E+01    .2900045960381213E-02
    .1000194207563212E+03   -.1109943513627226E+01    .2900048776795454E-02
    .1000197889588561E+03   -.1041470331437236E+01    .2900051479489961E-02
    .1000201367504414E+03   -.9723746787681363E+00    .2900054056427344E-02
    .1000204632997230E+03   -.9026978530075530E+00    .2900056496363991E-02
    .1000207678261241E+03   -.8324814989011615E+00    .2900058788852517E-02
    .1000210496017108E+03   -.7617675836622742E+00    .2900060924243839E-02
    .1000213079529324E+03   -.6905983718886968E+00    .2900062893688855E-02
    .1000215422622314E+03   -.6190164003018350E+00    .2900064689139858E-02
    .1000217519695193E+03   -.5470644523231680E+00    .2900066303351660E-02
    .1000219365735163E+03   -.4747855325032644E+00    .2900067729882535E-02
    .1000220956329484E+03   -.4022228408186378E+00    .2900068963094957E-02
    .1000222287676032E+03   -.3294197468517965E+00    .2900069998156275E-02
    .1000223356592384E+03   -.2564197638699252E+00    .2900070831039392E-02
    .1000224160523422E+03   -.1832665228176877E+00    .2900071458523880E-02
    .1000224697547447E+03   -.1100037462396918E+00    .2900071878199430E-02
    .1000224966380766E+03   -.3667522214821335E-01    .2900072088492578E-02
    .1000224966380766E+03    .3667522214821335E-01    .2900072088492578E-02
    .1000224697547447E+03    .1100037462396918E+00    .2900071878199430E-02
    .1000224160523422E+03    .1832665228176877E+00    .2900071458523880E-02
    .1000223356592384E+03    .2564197638699252E+00    .2900070831039392E-02
    .1000222287676032E+03    .3294197468517960E+00    .2900069998156275E-02
    .1000220956329484E+03    .4022228408186372E+00    .2900068963094957E-02
    .1000219365735163E+03    .4747855325032644E+00    .2900067729882535E-02
    .1000217519695193E+03    .5470644523231675E+00    .2900066303351660E-02
    .1000215422622314E+03    .6190164003018356E+00    .2900064689139858E-02
    .1000213079529324E+03    .6905983718886968E+00    .2900062893688855E-02
    .1000210496017108E+03    .7617675836622745E+00    .2900060924243839E-02
    .1000207678261241E+03    .8324814989011612E+00    .2900058788852517E-02
    .1000204632997230E+03    .9026978530075533E+00    .2900056496363991E-02
    .1000201367504414E+03    .9723746787681363E+00    .2900054056427344E-02
    .1000197889588561E+03    .1041470331437236E+01    .2900051479489961E-02
    .1000194207563212E+03    .1109943513627226E+01    .2900048776795454E-02
    .1000190330229807E+03    .1177753299991332E+01    .2900045960381213E-02
    .1000186266856646E+03    .1244859161684071E+01    .2900043043075472E-02
    .1000182027156736E+03    .1311220990584709E+01    .2900040038493802E-02
    .1000177621264569E+03    .1376799123269253E+01    .2900036961034935E-02
    .1000173059711904E+03    .1441554364716668E+01    .2900033825875754E-02
    .1000168353402583E+03    .1505448011735121E+01    .2900030648965234E-02
    .1000163513586476E+03    .1568441876094280E+01    .2900027447017054E-02
    .1000158551832581E+03    .1630498307349819E+01    .2900024237500493E-02
    .1000153480001376E+03    .1691580215346507E+01    .2900021038629019E-02
    .1000148310216465E+03    .1751651092386415E+01    .2900017869345958E-02
    .1000143054835598E+03    .1810675035048999E+01    .2900014749306203E-02
    .1000137726421133E+03    .1868616765650019E+01    .2900011698852781E-02
    .1000132337710006E+03    .1925441653326468E+01    .2900008738986744E-02
    .1000126901583283E+03    .1981115734734902E+01    .2900005891328326E-02
    .1000121431035374E+03    .2035605734350813E+01    .2900003178067048E-02
    .1000115939142966E+03    .2088879084356903E+01    .2900000621897647E-02
    .1000110439033770E+03    .2140903944108369E+01    .2899998245938377E-02
    .1000104943855136E+03    .2191649219163592E+01    .2899996073627368E-02
    .1000099466742630E+03    .2241084579868807E+01    .2899994128592187E-02
    .1000094020788631E+03    .2289180479485712E+01    .2899992434486947E-02
    .1000088619011039E+03    .2335908171851125E+01    .2899991014790737E-02
    .1000083274322156E+03    .2381239728558169E+01    .2899989892560438E-02
    .1000077999497817E+03    .2425148055648712E+01    .2899989090130541E-02
    .1000072807146859E+03    .2467606909807092E+01    .2899988628752260E-02
    .1000067709680971E+03    .2508590914045448E+01    .2899988528164231E-02
    .1000062719285034E+03    .2548075572871301E+01    .2899988806087454E-02
    .1000057847887990E+03    .2586037286928327E+01    .2899989477638241E-02
    .1000053107134329E+03    .2622453367101589E+01    .2899990554654896E-02
    .1000048508356251E+03    .2657302048078838E+01    .2899992044936989E-02
    .1000044062546584E+03    .2690562501359805E+01    .2899993951400944E-02
    .1000039780332498E+03    .2722214847705777E+01    .2899996271162491E-02
    .1000035671950112E+03    .2752240169022131E+01    .2899998994565482E-02
    .1000031747220015E+03    .2780620519666860E+01    .2900002104188029E-02
    .1000028015523802E+03    .2807338937178597E+01    .2900005573870168E-02
    .1000024485781637E+03    .2832379452418183E+01    .2900009367822171E-02
    .1000021166430937E+03    .2855727099118413E+01    .2900013439888119E-02
    .1000018065406199E+03    .2877367922837627E+01    .2900017733056105E-02
    .1000015190120033E+03    .2897288989314283E+01    .2900022179324154E-02
    .1000012547445437E+03    .2915478392222375E+01    .2900026700050663E-02
    .1000010143699363E+03    .2931925260333175E+01    .2900031206933789E-02
    .1000007984627604E+03    .2946619764101368E+01    .2900035603754248E-02
    .1000006075391029E+03    .2959553121725218E+01    .2900039788942192E-02
    .1000004420553186E+03    .2970717604819101E+01    .2900043658875253E-02
    .1000003024069226E+03    .2980106544121998E+01    .2900047111667984E-02
    .1000001889275961E+03    .2987714336758572E+01    .2900050051226273E-02
    .1000001018882032E+03    .2993536461908741E+01    .2900052391494643E-02
    .1000000414951517E+03    .2997569549610143E+01    .2900054060868383E-02
    .1000000078793524E+03    .2999812085762162E+01    .2900055006744750E-02
   -.2249920334544332E-01    .2677665216216903E-03    .1051737947600085E+01
   -.2247790154006162E-01    .1410269972187524E-02    .1051703164117111E+01
   -.2236668257104646E-01    .3463895005022308E-02    .1051521572372307E+01
   -.2204118770801540E-01    .6425971232320753E-02    .1050990280774509E+01
   -.2132304257946398E-01    .1029204391013958E-01    .1049818910286693E+01
   -.1998121851219645E-01    .1505623903577250E-01    .1047633304520082E+01
   -.1773379782335738E-01    .2071130599208643E-01    .1043981531323782E+01
   -.1425013219554728E-01    .2724863487224167E-01    .1038343013239668E+01
   -.9153380368205372E-02    .3465827126187220E-01    .1030141715577071E+01
   -.2023408903224302E-02    .4292893195398428E-01    .1018764336298472E+01
    .7599962559088354E-02    .5204802234780830E-01    .1003584352910380E+01
    .2021339235980728E-01    .6200165572291320E-01    .9839925484005742E+00
    .3634614709594312E-01    .7277467443166531E-01    .9594342063880845E+00
    .5655595596016783E-01    .8435067300511066E-01    .9294524681640693E+00
    .8142461579418014E-01    .9671202314850109E-01    .8937363175389808E+00
    .1115533751378168E+00    .1098399005935617E+00    .8521702790350434E+00
    .1475581270150983E+00    .1237143137690981E+00    .8048812544055759E+00
    .1900644414739071E+00    .1383141342475585E+00    .7522762216782277E+00
    .2397024699799723E+00    .1536171289218670E+00    .6950632327254357E+00
    .2971017546515400E+00    .1695999938639109E+00    .6342479086381896E+00
    .3628859760029582E+00    .1862383898133418E+00    .5710991228966720E+00
    .4376676733391172E+00    .2035069792427782E+00    .5070812128427294E+00
    .5220429722052303E+00    .2213794649430491E+00    .4437557167294913E+00
    .6165863533460167E+00    .2398286300697677E+00    .3826623145951412E+00
    .7218454974646115E+00    .2588263795902864E+00    .3251946025929415E+00
    .8383362396952366E+00    .2783437830679379E+00    .2724895024797647E+00
    .9665376671170494E+00    .2983511187184228E+00    .2253479592594392E+00
    .1106887391843070E+01    .3188179186712634E+00    .1841988719136158E+00
    .1259777031222385E+01    .3397130153674048E+00    .1491093351412624E+00
    .1425547925501885E+01    .3610045890223137E+00    .1198348756474846E+00
    .1604487121912790E+01    .3826602160822981E+00    .9589626994092001E-01
    .1796823652585390E+01    .4046469186002595E+00    .7666659120625316E-01
    .2002725131962341E+01    .4269312144556903E+00    .6145357153691886E-01
    .2222294697486786E+01    .4494791683424391E+00    .4956689896411049E-01
    .2455568315298120E+01    .4722564434465991E+00    .4036568710410547E-01
    .2702512470487729E+01    .4952283537358251E+00    .3328625187410636E-01
    .2963022259162611E+01    .5183599167804499E+00    .2785349657693930E-01
    .3236919897150627E+01    .5416159070259627E+00    .2368051619764009E-01
    .3523953657671604E+01    .5649609094357275E+00    .2046093951396018E-01
    .3823797247709116E+01    .5883593734222481E+00    .1795767260651324E-01
    .4136049630164062E+01    .6117756669848561E+00    .1599062502375029E-01
    .4460235296169373E+01    .6351741309713766E+00    .1442501320852725E-01
    .4795804989211661E+01    .6585191333811414E+00    .1316107679130515E-01
    .5142136879957108E+01    .6817751236266543E+00    .1212552470578313E-01
    .5498538187932008E+01    .7049066866712790E+00    .1126470926246954E-01
    .5864247243479927E+01    .7278785969605051E+00    .1053935405142918E-01
    .6238435980724031E+01    .7506558720646650E+00    .9920587827476297E-02
    .6620212849621158E+01    .7732038259514138E+00    .9387023815233464E-02
    .7008626132619794E+01    .7954881218068447E+00    .8922644991728314E-02
    .7402667648943029E+01    .8174748243248061E+00    .8515292435976929E-02
    .7801276827124913E+01    .8391304513847905E+00    .8155594213554820E-02
    .8203345124149077E+01    .8604220250396993E+00    .7836209996214673E-02
    .8607720767386077E+01    .8813171217358409E+00    .7551298696224671E-02
    .9013213793513529E+01    .9017839216886813E+00    .7296142002069204E-02
    .9418601356743565E+01    .9217912573391661E+00    .7066876224802983E-02
    .9822633276986121E+01    .9413086608168177E+00    .6860299235367719E-02
    .1022403779705534E+02    .9603064103373364E+00    .6673729565669058E-02
    .1062152751668860E+02    .9787555754640551E+00    .6504901960274045E-02
    .1101380547000182E+02    .9966280611643260E+00    .6351888638709186E-02
    .1139957131205833E+02    .1013896650593762E+01    .6213038916704132E-02
    .1177752757948646E+02    .1030535046543193E+01    .6086932128710634E-02
    .1214638598954914E+02    .1046517911485237E+01    .5972340346068617E-02
    .1250487374174976E+02    .1061820906159546E+01    .5868198439489357E-02
    .1285173978595436E+02    .1076420726638006E+01    .5773579754615713E-02
    .1318576102112258E+02    .1090295139813543E+01    .5687676162462734E-02
    .1350574838906754E+02    .1103423017258603E+01    .5609781583142809E-02
    .1381055282820741E+02    .1115784367401993E+01    .5539278309910359E-02
    .1409907105302528E+02    .1127360365975439E+01    .5475625616243542E-02
    .1437025112591881E+02    .1138133384684191E+01    .5418350237184821E-02
    .1462309778929206E+02    .1148087018059296E+01    .5367038395655421E-02
    .1485667752712460E+02    .1157206108453120E+01    .5321329106543092E-02
    .1507012332685787E+02    .1165476769145232E+01    .5280908542413677E-02
    .1526263911431656E+02    .1172886405534862E+01    .5245505287599496E-02
    .1543350383668296E+02    .1179423734415018E+01    .5214886343233846E-02
    .1558207517177458E+02    .1185078801371332E+01    .5188853774972831E-02
    .1570779284792084E+02    .1189842996496964E+01    .5167241917979686E-02
    .1581018157589031E+02    .1193709069174783E+01    .5149915069757779E-02
    .1588885366931034E+02    .1196671145402082E+01    .5136765603977524E-02
    .1594351194726937E+02    .1198724770434916E+01    .5127712365490183E-02
    .1597396083268199E+02    .1199867273885483E+01    .5122698015096097E-02
    .1601061653957100E+02    .1201241228297377E+01    .5116688819049889E-02
    .1613678809630221E+02    .1205958510342375E+01    .5096229741994246E-02
    .1636446496975011E+02    .1214424492209174E+01    .5060170505446125E-02
    .1669484650890895E+02    .1226605554284590E+01    .5009722952183342E-02
    .1712954535590402E+02    .1242450836866941E+01    .4946519191110931E-02
    .1767057003153077E+02    .1261893934860521E+01    .4872484837982706E-02
    .1832025603233398E+02    .1284853315717424E+01    .4789708713066452E-02
    .1908117956203972E+02    .1311232687429495E+01    .4700318671447313E-02
    .1995605806681789E+02    .1340921409335242E+01    .4606375067403609E-02
    .2094763986643327E+02    .1373794958492349E+01    .4509788294527152E-02
    .2205858508954115E+02    .1409715452869374E+01    .4412261298184538E-02
    .2329134023929083E+02    .1448532230064687E+01    .4315254958107102E-02
    .2464800883879409E+02    .1490082479425709E+01    .4219974077118173E-02
    .2613022069810268E+02    .1534191925030646E+01    .4127371484769415E-02
    .2773900239553063E+02    .1580675556715469E+01    .4038166013487775E-02
    .2947465157330096E+02    .1629338406101411E+01    .3952868892469916E-02
    .3133661760966923E+02    .1679976364378449E+01    .3871813836671571E-02
    .3332339114716498E+02    .1732377038419999E+01    .3795187630907244E-02
    .3543240483057991E+02    .1786320641640854E+01    .3723059184785660E-02
    .3765994744080208E+02    .1841580915863375E+01    .3655405825451236E-02
    .4000109340425132E+02    .1897926080326265E+01    .3592136193372226E-02
    .4244964941588750E+02    .1955119803855987E+01    .3533109553979419E-02
    .4499811964052165E+02    .2012922196123573E+01    .3478151641349762E-02
    .4763769065698159E+02    .2071090813829356E+01    .3427067333169457E-02
    .5035823698754959E+02    .2129381677595509E+01    .3379650549054174E-02
    .5314834771636407E+02    .2187550295301291E+01    .3335691794787835E-02
    .5599537435080865E+02    .2245352687568877E+01    .3294983766302981E-02
    .5888549972514490E+02    .2302546411098600E+01    .3257325397046966E-02
    .6180382739172185E+02    .2358891575561489E+01    .3222524692796032E-02
    .6473449059795067E+02    .2414151849784010E+01    .3190400654943200E-02
    .6766077961270319E+02    .2468095453004864E+01    .3160784548018490E-02
    .7056528584951091E+02    .2520496127046416E+01    .3133520720543348E-02
    .7343006094124524E+02    .2571134085323453E+01    .3108467127847987E-02
    .7623678865680830E+02    .2619796934709396E+01    .3085495435963175E-02
    .7896696731923856E+02    .2666280566394218E+01    .3064488900643178E-02
    .8160210019049758E+02    .2710390011999155E+01    .3045329692351872E-02
    .8412389113439025E+02    .2751940261360177E+01    .3027856937463803E-02
    .8651444275830011E+02    .2790757038555490E+01    .3011790161119248E-02
    .8875645416872725E+02    .2826677532932516E+01    .2996684102711364E-02
    .9083341545644373E+02    .2859551082089623E+01    .2982033683893761E-02
    .9272979605545780E+02    .2889239803995369E+01    .2967531009517854E-02
    .9443122419725482E+02    .2915619175707440E+01    .2953276214415108E-02
    .9592465481221977E+02    .2938578556564343E+01    .2939751610508824E-02
    .9719852343148438E+02    .2958021654557923E+01    .2927594453566449E-02
    .9824288399795644E+02    .2973866937140275E+01    .2917357084622786E-02
    .9904952948466696E+02    .2986047999215690E+01    .2909389606201998E-02
    .9961209980998336E+02    .2994513981082490E+01    .2903849732986994E-02
    .9992625744134783E+02    .2999231263127487E+01    .2900774460258556E-02
 decay.f
 1 0 1  .000347599916  1.  0.
 1 0 2  .00183329644  .9999955 -4.17290614E-16
 1 0 3  .00451359526  .999971874  3.33832491E-16
 1 0 4  .00840187643  .999902132 -7.09394044E-16
 1 0 5  .0135168548  .999746447 -1.2936009E-15
 1 0 6  .0198832358  .999451236 -1.58570433E-15
 1 0 7  .027532014  .998947917  7.92852167E-16
 1 0 8  .0365008049  .998151377  1.21014278E-15
 1 0 9  .0468342456  .996958094  4.17290614E-16
 1 0 10  .0585844753  .995243946  1.16841372E-15
 1 0 11  .0718117069  .99286168  2.58720181E-15
 1 0 12  .0865849001  .989638081  5.25786174E-15
 1 0 13  .102982549  .985370886  7.469502E-15
 1 0 14  .121093603  .979825511  9.88978756E-15
 1 0 15  .141018533  .972731771  1.2936009E-14
 1 0 16  .162870577  .963780805  1.93622845E-14
 1 0 17  .18677718  .952622582  2.16573829E-14
 1 0 18  .212881673  .938864555  3.03787567E-14
 1 0 19  .241345221  .92207222  3.64294706E-14
 1 0 20  .272349093  .901772752  4.27305589E-14
 1 0 21  .306097317  .87746326  5.54996517E-14
 1 0 22  .342819777  .848625752  6.73924342E-14
 1 0 23  .382775851  .814751542  7.99946108E-14
 1 0 24  .426258691  .775378366  9.3765201E-14
 1 0 25  .473600276  .730143821  1.10582013E-13
 1 0 26  .525177394  .678858354  1.26605972E-13
 1 0 27  .581418757  .621599046  1.41273737E-13
 1 0 28  .642813502  .558820774  1.58549569E-13
 1 0 29  .709921379  .491472397  1.70588403E-13
 1 0 30  .783385027  .421091847  1.83211444E-13
 1 0 31  .863944847  .349837053  1.89543829E-13
 1 0 32  .952457098  .280397099  1.91286018E-13
 1 0 33  1.04991606  .215734356  1.83180147E-13
 1 0 34  1.15748129  .15865121  1.6726051E-13
 1 0 35  1.27651151  .111258742  1.46463789E-13
 1 0 36  1.40860669  .0745176292  1.18207999E-13
 1 0 37  1.55566116  .0480527661  8.95792546E-14
 1 0 38  1.71993075  .030352052  6.44531434E-14
 1 0 39  1.90411852  .0192753896  4.30004938E-14
 1 0 40  2.11148526  .0126478728  2.79382586E-14
 1 0 41  2.34599322  .00870064822  1.9343702E-14
 1 0 42  2.61249501  .00624248834  1.29617637E-14
 1 0 43  2.91698457  .00459592149  9.1052486E-15
 1 0 44  3.26693487  .00342185657  7.71140015E-15
 1 0 45  3.67175814  .00255444012  5.77817097E-15
 1 0 46  4.14344231  .00190318803  3.36701364E-15
 1 0 47  4.69744523  .00141183724  2.08840912E-15
 1 0 48  5.3539731  .00104161946  1.54601282E-15
 1 0 49  6.13984439  .000762679576  1.88705825E-15
 1 0 50  7.09126648  .000551481692  1.14318883E-15
 1 0 51  8.25807452  .000391928633  9.63354504E-16
 1 0 52  9.71038303  .000273486946  3.53117919E-16
 1 0 53  11.5493579  .000187206278  5.73244831E-16
 1 0 54  13.9253061  .000124970638 -7.6217173E-16
 1 0 55  17.0693686  8.07978246E-05  7.81146432E-18
 1 0 56  21.3518973  5.01545403E-05  3.3618077E-16
 1 0 57  27.3966561  2.95597899E-05 -3.40273702E-16
 1 0 58  36.3213531  1.6296545E-05 -4.80143358E-16
 1 0 59  50.2936248  8.21951964E-06 -4.69264104E-17
 1 0 60  73.9817076  3.65974289E-06  1.89914953E-16
 1 0 61  119.021032  1.35435405E-06 -2.81520298E-16
 1 0 62  221.552873  3.69195108E-07 -1.35976558E-16
 1 0 63  545.465522  5.39126285E-08 -6.23388591E-16
 1 0 64  2876.87066  5.99200897E-10  7.33450081E-16
 1 1 1  .000347599916 -9.51446338E-17  5.13274066E-16
 1 1 2  .00183329644 -7.40376327E-16 -6.15210859E-17
 1 1 3  .00451359526  1.80504908E-16 -4.65098769E-16
 1 1 4  .00840187643  7.01209367E-16 -4.17313358E-16
 1 1 5  .0135168548  5.80711674E-16  7.0914811E-16
 1 1 6  .0198832358  1.8963826E-16 -7.67658738E-17
 1 1 7  .027532014  2.24078781E-16  2.74180966E-17
 1 1 8  .0365008049  1.10266353E-15 -1.24321101E-15
 1 1 9  .0468342456 -7.35419711E-16  3.09793452E-16
 1 1 10  .0585844753  2.95847895E-16 -1.11903964E-15
 1 1 11  .0718117069  4.16302711E-16  7.50030921E-17
 1 1 12  .0865849001 -5.03189671E-16 -4.04887635E-16
 1 1 13  .102982549  1.25050776E-16  8.6930802E-17
 1 1 14  .121093603 -6.24697495E-16  2.6260218E-16
 1 1 15  .141018533  4.32665302E-16 -5.20636058E-16
 1 1 16  .162870577  4.96200148E-16 -2.54348983E-17
 1 1 17  .18677718  1.38653119E-16  3.93723253E-16
 1 1 18  .212881673 -1.3516911E-15  8.50848324E-17
 1 1 19  .241345221  2.47535651E-16  2.74730046E-16
 1 1 20  .272349093  4.88642096E-16 -4.23278208E-16
 1 1 21  .306097317  1.84815232E-15  1.06808714E-15
 1 1 22  .342819777  1.58631595E-17  8.99146139E-17
 1 1 23  .382775851 -1.16060068E-16  5.91628124E-16
 1 1 24  .426258691 -3.75322784E-16  5.43398549E-16
 1 1 25  .473600276  1.61651946E-16  4.35149029E-16
 1 1 26  .525177394  1.17105473E-15  8.74063508E-16
 1 1 27  .581418757  3.51397409E-16  1.51371051E-15
 1 1 28  .642813502  4.46861442E-17  1.6106923E-15
 1 1 29  .709921379 -1.05004568E-16  9.48460628E-16
 1 1 30  .783385027  2.39259703E-16  5.22438827E-16
 1 1 31  .863944847  3.34687813E-16  4.56168186E-16
 1 1 32  .952457098 -3.4390543E-16  6.69791724E-16
 1 1 33  1.04991606  1.00052606E-16  4.53739316E-16
 1 1 34  1.15748129  5.84068115E-16  8.16174885E-16
 1 1 35  1.27651151 -1.34424022E-16 -5.54947703E-16
 1 1 36  1.40860669  2.53292736E-16  1.12143606E-16
 1 1 37  1.55566116  6.81591661E-16 -2.67256183E-16
 1 1 38  1.71993075 -1.04315456E-15  1.73075515E-16
 1 1 39  1.90411852 -2.09646808E-16  2.68432582E-19
 1 1 40  2.11148526  1.02808387E-15  3.28424098E-16
 1 1 41  2.34599322 -3.52533893E-16 -2.38041624E-16
 1 1 42  2.61249501  5.95151515E-17  6.6727166E-16
 1 1 43  2.91698457 -1.2439394E-15  8.36350938E-16
 1 1 44  3.26693487  4.69569782E-16  7.97522019E-16
 1 1 45  3.67175814 -2.38694439E-16 -4.26560319E-16
 1 1 46  4.14344231 -2.30257265E-16 -8.94230961E-16
 1 1 47  4.69744523 -9.34296588E-17 -8.89798032E-16
 1 1 48  5.3539731  6.99995652E-16 -5.57001109E-16
 1 1 49  6.13984439 -4.46536159E-17  1.90197439E-16
 1 1 50  7.09126648 -5.50735177E-16 -2.29620742E-16
 1 1 51  8.25807452 -3.95578495E-16 -6.19317382E-16
 1 1 52  9.71038303  5.54207383E-16 -1.39560341E-16
 1 1 53  11.5493579 -9.1950662E-17 -1.01701539E-16
 1 1 54  13.9253061  9.03519361E-16  4.91844082E-16
 1 1 55  17.0693686  3.31219723E-17 -8.67764442E-17
 1 1 56  21.3518973  1.24350545E-16 -1.04116829E-15
 1 1 57  27.3966561 -7.50035184E-16  1.13943402E-16
 1 1 58  36.3213531  1.08166192E-16 -4.21250741E-16
 1 1 59  50.2936248  7.4461537E-16  6.57641984E-16
 1 1 60  73.9817076 -7.13476496E-16 -6.96101812E-16
 1 1 61  119.021032 -5.22666066E-16  1.37010553E-15
 1 1 62  221.552873 -2.22313211E-16  1.20154345E-15
 1 1 63  545.465522  1.30018012E-15 -1.50182949E-15
 1 1 64  2876.87066  4.2777732E-16  6.12961279E-16
 1 2 1  .000347599916  .000184865619 -6.65158794E-17
 1 2 2  .00183329644  .000184856708  8.74456118E-16
 1 2 3  .00451359526  .000184809927 -4.84397384E-16
 1 2 4  .00840187643  .000184671838  2.40889565E-16
 1 2 5  .0135168548  .000184363615  5.55436628E-17
 1 2 6  .0198832358  .000183779266 -2.19026634E-16
 1 2 7  .027532014  .000182783321 -2.70719324E-16
 1 2 8  .0365008049  .000181208023  8.88270719E-17
 1 2 9  .0468342456  .000178850067  1.50412076E-16
 1 2 10  .0585844753  .00017546699 -5.97603763E-16
 1 2 11  .0718117069  .000170773335 -4.37278998E-16
 1 2 12  .0865849001  .000164436836 -1.02761889E-15
 1 2 13  .102982549  .000156074919 -1.65914789E-15
 1 2 14  .121093603  .000145251998 -2.51073758E-15
 1 2 15  .141018533  .000131478183 -2.16880582E-15
 1 2 16  .162870577  .000114210248 -3.46006354E-15
 1 2 17  .18677718  9.28560198E-05 -5.74098565E-15
 1 2 18  .212881673  6.67837562E-05 -6.25296385E-15
 1 2 19  .241345221  3.53387614E-05 -8.55489057E-15
 1 2 20  .272349093 -2.12943336E-06 -1.00016024E-14
 1 2 21  .306097317 -4.62241174E-05 -1.35687377E-14
 1 2 22  .342819777 -9.74343808E-05 -1.60918763E-14
 1 2 23  .382775851 -.000156030994 -1.93811573E-14
 1 2 24  .426258691 -.000221905998 -2.32969601E-14
 1 2 25  .473600276 -.000294331422 -2.74184486E-14
 1 2 26  .525177394 -.00037161442 -3.21243681E-14
 1 2 27  .581418757 -.000450649055 -3.68715175E-14
 1 2 28  .642813502 -.000526430305 -3.95753691E-14
 1 2 29  .709921379 -.000591723866 -4.43294462E-14
 1 2 30  .783385027 -.000637264641 -4.66558821E-14
 1 2 31  .863944847 -.000652991442 -4.69125933E-14
 1 2 32  .952457098 -.000630690365 -4.69139788E-14
 1 2 33  1.04991606 -.000567737739 -4.31285539E-14
 1 2 34  1.15748129 -.000470411238 -3.79646437E-14
 1 2 35  1.27651151 -.000354255413 -3.0704928E-14
 1 2 36  1.40860669 -.000239736242 -2.25180855E-14
 1 2 37  1.55566116 -.000144562491 -1.5532064E-14
 1 2 38  1.71993075 -7.73510459E-05 -9.07964676E-15
 1 2 39  1.90411852 -3.6786711E-05 -4.60944143E-15
 1 2 40  2.11148526 -1.57781625E-05 -2.49820728E-15
 1 2 41  2.34599322 -6.54079487E-06 -1.91593004E-15
 1 2 42  2.61249501 -3.53731272E-06 -2.99015506E-17
 1 2 43  2.91698457 -3.86475369E-06 -1.3063684E-16
 1 2 44  3.26693487 -5.87503652E-06 -9.09271193E-16
 1 2 45  3.67175814 -7.65088035E-06 -3.59845661E-16
 1 2 46  4.14344231 -7.45358612E-06  1.67815952E-16
 1 2 47  4.69744523 -5.19762363E-06 -5.20746831E-16
 1 2 48  5.3539731 -1.88477551E-06 -9.93452965E-16
 1 2 49  6.13984439  1.86411583E-06 -2.87834441E-16
 1 2 50  7.09126648  5.18604112E-06 -1.04438539E-16
 1 2 51  8.25807452  6.41396319E-06 -8.61189745E-16
 1 2 52  9.71038303  5.17801528E-06 -7.12957531E-16
 1 2 53  11.5493579  3.14236128E-06 -5.80965879E-16
 1 2 54  13.9253061  1.52972682E-06  3.16851726E-16
 1 2 55  17.0693686  6.75899625E-07 -1.07115355E-15
 1 2 56  21.3518973  2.78470012E-07  2.23573956E-16
 1 2 57  27.3966561  1.00006213E-07 -2.38478304E-16
 1 2 58  36.3213531  3.68037395E-08 -4.15246174E-16
 1 2 59  50.2936248  1.76260751E-08 -2.13184727E-16
 1 2 60  73.9817076  5.27406284E-09 -4.28877126E-16
 1 2 61  119.021032  1.83225545E-09  6.87352847E-17
 1 2 62  221.552873  5.51696314E-10 -9.97970139E-17
 1 2 63  545.465522  9.81626985E-11  6.37763178E-17
 1 2 64  2876.87066  1.74566303E-12  1.62374277E-16
 1 3 1  .000347599916  0.  0.
 1 3 2  .00183329644  0.  0.
 1 3 3  .00451359526  0.  0.
 1 3 4  .00840187643  0.  0.
 1 3 5  .0135168548  0.  0.
 1 3 6  .0198832358  0.  0.
 1 3 7  .027532014  0.  0.
 1 3 8  .0365008049  0.  0.
 1 3 9  .0468342456  0.  0.
 1 3 10  .0585844753  0.  0.
 1 3 11  .0718117069  0.  0.
 1 3 12  .0865849001  0.  0.
 1 3 13  .102982549  0.  0.
 1 3 14  .121093603  0.  0.
 1 3 15  .141018533  0.  0.
 1 3 16  .162870577  0.  0.
 1 3 17  .18677718  0.  0.
 1 3 18  .212881673  0.  0.
 1 3 19  .241345221  0.  0.
 1 3 20  .272349093  0.  0.
 1 3 21  .306097317  0.  0.
 1 3 22  .342819777  0.  0.
 1 3 23  .382775851  0.  0.
 1 3 24  .426258691  0.  0.
 1 3 25  .473600276  0.  0.
 1 3 26  .525177394  0.  0.
 1 3 27  .581418757  0.  0.
 1 3 28  .642813502  0.  0.
 1 3 29  .709921379  0.  0.
 1 3 30  .783385027  0.  0.
 1 3 31  .863944847  0.  0.
 1 3 32  .952457098  0.  0.
 1 3 33  1.04991606  0.  0.
 1 3 34  1.15748129  0.  0.
 1 3 35  1.27651151  0.  0.
 1 3 36  1.40860669  0.  0.
 1 3 37  1.55566116  0.  0.
 1 3 38  1.71993075  0.  0.
 1 3 39  1.90411852  0.  0.
 1 3 40  2.11148526  0.  0.
 1 3 41  2.34599322  0.  0.
 1 3 42  2.61249501  0.  0.
 1 3 43  2.91698457  0.  0.
 1 3 44  3.26693487  0.  0.
 1 3 45  3.67175814  0.  0.
 1 3 46  4.14344231  0.  0.
 1 3 47  4.69744523  0.  0.
 1 3 48  5.3539731  0.  0.
 1 3 49  6.13984439  0.  0.
 1 3 50  7.09126648  0.  0.
 1 3 51  8.25807452  0.  0.
 1 3 52  9.71038303  0.  0.
 1 3 53  11.5493579  0.  0.
 1 3 54  13.9253061  0.  0.
 1 3 55  17.0693686  0.  0.
 1 3 56  21.3518973  0.  0.
 1 3 57  27.3966561  0.  0.
 1 3 58  36.3213531  0.  0.
 1 3 59  50.2936248  0.  0.
 1 3 60  73.9817076  0.  0.
 1 3 61  119.021032  0.  0.
 1 3 62  221.552873  0.  0.
 1 3 63  545.465522  0.  0.
 1 3 64  2876.87066  0.  0.
 1 4 1  .000347599916  0.  0.
 1 4 2  .00183329644  0.  0.
 1 4 3  .00451359526  0.  0.
 1 4 4  .00840187643  0.  0.
 1 4 5  .0135168548  0.  0.
 1 4 6  .0198832358  0.  0.
 1 4 7  .027532014  0.  0.
 1 4 8  .0365008049  0.  0.
 1 4 9  .0468342456  0.  0.
 1 4 10  .0585844753  0.  0.
 1 4 11  .0718117069  0.  0.
 1 4 12  .0865849001  0.  0.
 1 4 13  .102982549  0.  0.
 1 4 14  .121093603  0.  0.
 1 4 15  .141018533  0.  0.
 1 4 16  .162870577  0.  0.
 1 4 17  .18677718  0.  0.
 1 4 18  .212881673  0.  0.
 1 4 19  .241345221  0.  0.
 1 4 20  .272349093  0.  0.
 1 4 21  .306097317  0.  0.
 1 4 22  .342819777  0.  0.
 1 4 23  .382775851  0.  0.
 1 4 24  .426258691  0.  0.
 1 4 25  .473600276  0.  0.
 1 4 26  .525177394  0.  0.
 1 4 27  .581418757  0.  0.
 1 4 28  .642813502  0.  0.
 1 4 29  .709921379  0.  0.
 1 4 30  .783385027  0.  0.
 1 4 31  .863944847  0.  0.
 1 4 32  .952457098  0.  0.
 1 4 33  1.04991606  0.  0.
 1 4 34  1.15748129  0.  0.
 1 4 35  1.27651151  0.  0.
 1 4 36  1.40860669  0.  0.
 1 4 37  1.55566116  0.  0.
 1 4 38  1.71993075  0.  0.
 1 4 39  1.90411852  0.  0.
 1 4 40  2.11148526  0.  0.
 1 4 41  2.34599322  0.  0.
 1 4 42  2.61249501  0.  0.
 1 4 43  2.91698457  0.  0.
 1 4 44  3.26693487  0.  0.
 1 4 45  3.67175814  0.  0.
 1 4 46  4.14344231  0.  0.
 1 4 47  4.69744523  0.  0.
 1 4 48  5.3539731  0.  0.
 1 4 49  6.13984439  0.  0.
 1 4 50  7.09126648  0.  0.
 1 4 51  8.25807452  0.  0.
 1 4 52  9.71038303  0.  0.
 1 4 53  11.5493579  0.  0.
 1 4 54  13.9253061  0.  0.
 1 4 55  17.0693686  0.  0.
 1 4 56  21.3518973  0.  0.
 1 4 57  27.3966561  0.  0.
 1 4 58  36.3213531  0.  0.
 1 4 59  50.2936248  0.  0.
 1 4 60  73.9817076  0.  0.
 1 4 61  119.021032  0.  0.
 1 4 62  221.552873  0.  0.
 1 4 63  545.465522  0.  0.
 1 4 64  2876.87066  0.  0.
 2 0 1  .000347599916  2.7697801E-05  2.75236703E-15
 2 0 2  .00183329644  .020089921  2.69919087E-12
 2 0 3  .00451359526  .247117687  3.29679824E-11
 2 0 4  .00840187643  .408021586  5.46544713E-11
 2 0 5  .0135168548  .460888432  6.15770096E-11
 2 0 6  .0198832358  .473152562  6.36848488E-11
 2 0 7  .027532014  .475589049  6.45622232E-11
 2 0 8  .0365008049  .475791108  6.36366935E-11
 2 0 9  .0468342456  .475239702  6.49155849E-11
 2 0 10  .0585844753  .474211156  6.6229174E-11
 2 0 11  .0718117069  .472707226  6.38093892E-11
 2 0 12  .0865849001  .470647343  6.40015098E-11
 2 0 13  .102982549  .467913957  6.5956412E-11
 2 0 14  .121093603  .464364078  6.65636533E-11
 2 0 15  .141018533  .459832081  6.61092447E-11
 2 0 16  .162870577  .454130337  6.70876451E-11
 2 0 17  .18677718  .4470498  6.84928504E-11
 2 0 18  .212881673  .438361582  6.88028348E-11
 2 0 19  .241345221  .427820335  7.07760769E-11
 2 0 20  .272349093  .415170334  7.14773755E-11
 2 0 21  .306097317  .400155333  7.45366373E-11
 2 0 22  .342819777  .382533445  7.61841424E-11
 2 0 23  .382775851  .362098478  7.76765405E-11
 2 0 24  .426258691  .338709155  8.17129718E-11
 2 0 25  .473600276  .312327284  8.37388551E-11
 2 0 26  .525177394  .283064936  8.78865882E-11
 2 0 27  .581418757  .251238407  9.03137173E-11
 2 0 28  .642813502  .217422574  9.40466323E-11
 2 0 29  .709921379  .182492619  9.66751354E-11
 2 0 30  .783385027  .14763143  9.92101654E-11
 2 0 31  .863944847  .114273387  1.0139705E-10
 2 0 32  .952457098  .0839562805  1.03683977E-10
 2 0 33  1.04991606  .0580742354  1.04062285E-10
 2 0 34  1.15748129  .0375735193  1.026153E-10
 2 0 35  1.27651151  .0226969166  1.02857119E-10
 2 0 36  1.40860669  .0129138494  1.0057769E-10
 2 0 37  1.55566116  .00711342634  9.74697552E-11
 2 0 38  1.71993075  .00398762523  9.68186257E-11
 2 0 39  1.90411852  .00240411361  9.41959225E-11
 2 0 40  2.11148526  .0015939182  9.17519555E-11
 2 0 41  2.34599322  .00113517595  8.9310777E-11
 2 0 42  2.61249501  .000836391298  8.83790336E-11
 2 0 43  2.91698457  .000622133658  8.70479998E-11
 2 0 44  3.26693487  .00046259749  8.58724029E-11
 2 0 45  3.67175814  .000342736425  8.37781052E-11
 2 0 46  4.14344231  .000252644118  8.24512242E-11
 2 0 47  4.69744523  .000185138054  8.09144766E-11
 2 0 48  5.3539731  .000134776038  7.89036658E-11
 2 0 49  6.13984439  9.72842629E-05  7.88983349E-11
 2 0 50  7.09126648  6.93679426E-05  7.8737958E-11
 2 0 51  8.25807452  4.86604464E-05  7.87285558E-11
 2 0 52  9.71038303  3.34850443E-05  7.87686485E-11
 2 0 53  11.5493579  2.25363681E-05  7.95341486E-11
 2 0 54  13.9253061  1.47568245E-05  7.92383487E-11
 2 0 55  17.0693686  9.34020998E-06  7.7783783E-11
 2 0 56  21.3518973  5.66679434E-06  7.80193572E-11
 2 0 57  27.3966561  3.25906811E-06  7.79780367E-11
 2 0 58  36.3213531  1.74950473E-06  7.65548529E-11
 2 0 59  50.2936248  8.567829E-07  7.68335075E-11
 2 0 60  73.9817076  3.69167674E-07  7.81782388E-11
 2 0 61  119.021032  1.31531727E-07  7.63171097E-11
 2 0 62  221.552873  3.4247095E-08  7.6377856E-11
 2 0 63  545.465522  4.68619822E-09  7.53824663E-11
 2 0 64  2876.87066  3.05600586E-11  3.67296256E-11
 2 1 1  .000347599916  3.25469498E-15  3.0209944E-16
 2 1 2  .00183329644  4.30781815E-13 -7.90897193E-16
 2 1 3  .00451359526  2.12703915E-12 -2.35916772E-16
 2 1 4  .00840187643  2.14294804E-12 -1.03450533E-15
 2 1 5  .0135168548  1.42636948E-12  4.99811193E-16
 2 1 6  .0198832358  9.1639206E-13 -5.67564354E-16
 2 1 7  .027532014  6.47333456E-13 -4.30202974E-16
 2 1 8  .0365008049  4.843371E-13  2.38025825E-16
 2 1 9  .0468342456  3.74660753E-13 -1.69914422E-16
 2 1 10  .0585844753  2.96716189E-13 -9.33894406E-16
 2 1 11  .0718117069  2.38742752E-13 -6.69790784E-16
 2 1 12  .0865849001  1.94092408E-13  6.14735129E-16
 2 1 13  .102982549  1.60213344E-13  1.40791943E-15
 2 1 14  .121093603  1.33248037E-13  6.76668943E-16
 2 1 15  .141018533  1.10469543E-13  1.76041575E-16
 2 1 16  .162870577  9.19299598E-14  8.76793598E-16
 2 1 17  .18677718  7.5045175E-14  1.9026935E-15
 2 1 18  .212881673  6.04921824E-14  1.84281527E-15
 2 1 19  .241345221  4.9008688E-14  1.35368398E-15
 2 1 20  .272349093  3.89393382E-14  2.1561061E-15
 2 1 21  .306097317  2.95258845E-14  1.60120581E-15
 2 1 22  .342819777  2.28148302E-14  1.12884314E-15
 2 1 23  .382775851  1.45756922E-14  2.11552163E-15
 2 1 24  .426258691  8.44001785E-15  4.08616487E-15
 2 1 25  .473600276  5.2653222E-15  3.30503839E-15
 2 1 26  .525177394  4.31915588E-16  3.20054335E-15
 2 1 27  .581418757 -2.17644466E-16  5.21746692E-15
 2 1 28  .642813502 -1.27906323E-15  4.53266841E-15
 2 1 29  .709921379  1.35405377E-15  6.17322614E-15
 2 1 30  .783385027  5.15741363E-16  7.34490352E-15
 2 1 31  .863944847  2.83607074E-15  7.97829362E-15
 2 1 32  .952457098  7.14388811E-15  8.82441572E-15
 2 1 33  1.04991606  8.8709547E-15  1.07665526E-14
 2 1 34  1.15748129  1.13983328E-14  1.03601626E-14
 2 1 35  1.27651151  1.41114929E-14  1.1849495E-14
 2 1 36  1.40860669  1.39798843E-14  1.33533696E-14
 2 1 37  1.55566116  1.78432142E-14  1.51558987E-14
 2 1 38  1.71993075  2.00621865E-14  1.57122445E-14
 2 1 39  1.90411852  1.99006034E-14  1.80538522E-14
 2 1 40  2.11148526  2.38101952E-14  1.93678733E-14
 2 1 41  2.34599322  2.69067637E-14  2.12543399E-14
 2 1 42  2.61249501  2.91510574E-14  2.2609341E-14
 2 1 43  2.91698457  3.19023229E-14  2.48283055E-14
 2 1 44  3.26693487  3.52576653E-14  2.81733825E-14
 2 1 45  3.67175814  3.84985695E-14  3.02264745E-14
 2 1 46  4.14344231  4.31855725E-14  3.36527787E-14
 2 1 47  4.69744523  4.88451209E-14  3.83409823E-14
 2 1 48  5.3539731  5.69232071E-14  4.51557248E-14
 2 1 49  6.13984439  6.39954114E-14  4.97505285E-14
 2 1 50  7.09126648  7.34814251E-14  5.83222859E-14
 2 1 51  8.25807452  8.5969433E-14  6.80129224E-14
 2 1 52  9.71038303  1.01390276E-13  7.96326912E-14
 2 1 53  11.5493579  1.19528401E-13  9.54593294E-14
 2 1 54  13.9253061  1.44985312E-13  1.15409922E-13
 2 1 55  17.0693686  1.76496762E-13  1.4127212E-13
 2 1 56  21.3518973  2.18057611E-13  1.76735137E-13
 2 1 57  27.3966561  2.74337563E-13  2.25098946E-13
 2 1 58  36.3213531  3.65779426E-13  3.07821883E-13
 2 1 59  50.2936248  4.98171398E-13  4.31300066E-13
 2 1 60  73.9817076  7.14128331E-13  6.26768372E-13
 2 1 61  119.021032  1.12645625E-12  1.06230351E-12
 2 1 62  221.552873  2.14286302E-12  2.13915527E-12
 2 1 63  545.465522  4.34806656E-12  4.80073876E-12
 2 1 64  2876.87066  6.21329244E-12  7.09599267E-12
 2 2 1  .000347599916  1.38482257E-05  1.87868009E-15
 2 2 2  .00183329644  .0098287992  1.30692095E-12
 2 2 3  .00451359526  .0803715589  1.06407646E-11
 2 2 4  .00840187643  .0488012834  6.60456027E-12
 2 2 5  .0135168548  .0129592908  1.69701791E-12
 2 2 6  .0198832358  .00316696307  4.26399449E-13
 2 2 7  .027532014  .000945476776  1.29615477E-13
 2 2 8  .0365008049  .000366953594  4.98525768E-14
 2 2 9  .0468342456  .000190783865  2.55168524E-14
 2 2 10  .0585844753  .000129587064  1.74513767E-14
 2 2 11  .0718117069  .000105831833  1.56642451E-14
 2 2 12  .0865849001  9.55989017E-05  1.44593949E-14
 2 2 13  .102982549  9.06349389E-05  1.39444138E-14
 2 2 14  .121093603  8.78059357E-05  1.41461875E-14
 2 2 15  .141018533  8.58112156E-05  1.5384125E-14
 2 2 16  .162870577  8.40558898E-05  1.58383768E-14
 2 2 17  .18677718  8.22296428E-05  1.6880661E-14
 2 2 18  .212881673  8.01353731E-05  1.76715495E-14
 2 2 19  .241345221  7.76112263E-05  2.00127347E-14
 2 2 20  .272349093  7.44881115E-05  2.13861796E-14
 2 2 21  .306097317  7.05601663E-05  2.29960086E-14
 2 2 22  .342819777  6.5560397E-05  2.58083777E-14
 2 2 23  .382775851  5.91424655E-05  2.81945063E-14
 2 2 24  .426258691  5.08779256E-05  3.02548201E-14
 2 2 25  .473600276  4.02878157E-05  3.18421035E-14
 2 2 26  .525177394  2.69365202E-05  3.30867955E-14
 2 2 27  .581418757  1.06170372E-05  3.39452123E-14
 2 2 28  .642813502 -8.36360109E-06  3.24811778E-14
 2 2 29  .709921379 -2.88490023E-05  3.17019798E-14
 2 2 30  .783385027 -4.86006652E-05  2.73742592E-14
 2 2 31  .863944847 -6.4426822E-05  2.22935346E-14
 2 2 32  .952457098 -7.29305208E-05  1.63698264E-14
 2 2 33  1.04991606 -7.18712676E-05  9.86435636E-15
 2 2 34  1.15748129 -6.15831883E-05  3.25929083E-15
 2 2 35  1.27651151 -4.54097069E-05  1.78853752E-16
 2 2 36  1.40860669 -2.83992875E-05 -2.13137727E-15
 2 2 37  1.55566116 -1.48254036E-05 -3.09861331E-16
 2 2 38  1.71993075 -6.35023641E-06  1.08534687E-15
 2 2 39  1.90411852 -2.1698918E-06  3.831821E-15
 2 2 40  2.11148526 -5.32928837E-07  7.30133864E-15
 2 2 41  2.34599322 -2.38157099E-08  9.60147526E-15
 2 2 42  2.61249501  9.30604509E-08  1.11500006E-14
 2 2 43  2.91698457  8.05204848E-08  6.2963357E-15
 2 2 44  3.26693487  8.03023084E-09 -7.02472594E-15
 2 2 45  3.67175814 -7.01673938E-08 -2.62980077E-14
 2 2 46  4.14344231 -9.45489362E-08 -3.73396038E-14
 2 2 47  4.69744523 -6.59896595E-08 -3.29616004E-14
 2 2 48  5.3539731 -1.41136704E-08 -4.70427892E-15
 2 2 49  6.13984439  7.48208335E-08  7.19211059E-14
 2 2 50  7.09126648  1.88320545E-07  2.31933872E-13
 2 2 51  8.25807452  2.39874437E-07  4.06770542E-13
 2 2 52  9.71038303  1.9480359E-07  4.74325717E-13
 2 2 53  11.5493579  1.16942096E-07  4.26583416E-13
 2 2 54  13.9253061  5.61649597E-08  3.14259344E-13
 2 2 55  17.0693686  2.45001622E-08  2.1563866E-13
 2 2 56  21.3518973  1.0021351E-08  1.5188048E-13
 2 2 57  27.3966561  3.64419078E-09  1.04576053E-13
 2 2 58  36.3213531  1.38130821E-09  8.67454855E-14
 2 2 59  50.2936248  6.57556848E-10  9.94331676E-14
 2 2 60  73.9817076  2.05580415E-10  1.30243322E-13
 2 2 61  119.021032  7.02631896E-11  2.88334312E-13
 2 2 62  221.552873  1.90096072E-11  9.01036056E-13
 2 2 63  545.465522  2.31646544E-12  3.30879424E-12
 2 2 64  2876.87066  2.43016497E-12  1.66397445E-11
 2 3 1  .000347599916  0.  0.
 2 3 2  .00183329644  0.  0.
 2 3 3  .00451359526  0.  0.
 2 3 4  .00840187643  0.  0.
 2 3 5  .0135168548  0.  0.
 2 3 6  .0198832358  0.  0.
 2 3 7  .027532014  0.  0.
 2 3 8  .0365008049  0.  0.
 2 3 9  .0468342456  0.  0.
 2 3 10  .0585844753  0.  0.
 2 3 11  .0718117069  0.  0.
 2 3 12  .0865849001  0.  0.
 2 3 13  .102982549  0.  0.
 2 3 14  .121093603  0.  0.
 2 3 15  .141018533  0.  0.
 2 3 16  .162870577  0.  0.
 2 3 17  .18677718  0.  0.
 2 3 18  .212881673  0.  0.
 2 3 19  .241345221  0.  0.
 2 3 20  .272349093  0.  0.
 2 3 21  .306097317  0.  0.
 2 3 22  .342819777  0.  0.
 2 3 23  .382775851  0.  0.
 2 3 24  .426258691  0.  0.
 2 3 25  .473600276  0.  0.
 2 3 26  .525177394  0.  0.
 2 3 27  .581418757  0.  0.
 2 3 28  .642813502  0.  0.
 2 3 29  .709921379  0.  0.
 2 3 30  .783385027  0.  0.
 2 3 31  .863944847  0.  0.
 2 3 32  .952457098  0.  0.
 2 3 33  1.04991606  0.  0.
 2 3 34  1.15748129  0.  0.
 2 3 35  1.27651151  0.  0.
 2 3 36  1.40860669  0.  0.
 2 3 37  1.55566116  0.  0.
 2 3 38  1.71993075  0.  0.
 2 3 39  1.90411852  0.  0.
 2 3 40  2.11148526  0.  0.
 2 3 41  2.34599322  0.  0.
 2 3 42  2.61249501  0.  0.
 2 3 43  2.91698457  0.  0.
 2 3 44  3.26693487  0.  0.
 2 3 45  3.67175814  0.  0.
 2 3 46  4.14344231  0.  0.
 2 3 47  4.69744523  0.  0.
 2 3 48  5.3539731  0.  0.
 2 3 49  6.13984439  0.  0.
 2 3 50  7.09126648  0.  0.
 2 3 51  8.25807452  0.  0.
 2 3 52  9.71038303  0.  0.
 2 3 53  11.5493579  0.  0.
 2 3 54  13.9253061  0.  0.
 2 3 55  17.0693686  0.  0.
 2 3 56  21.3518973  0.  0.
 2 3 57  27.3966561  0.  0.
 2 3 58  36.3213531  0.  0.
 2 3 59  50.2936248  0.  0.
 2 3 60  73.9817076  0.  0.
 2 3 61  119.021032  0.  0.
 2 3 62  221.552873  0.  0.
 2 3 63  545.465522  0.  0.
 2 3 64  2876.87066  0.  0.
 2 4 1  .000347599916  0.  0.
 2 4 2  .00183329644  0.  0.
 2 4 3  .00451359526  0.  0.
 2 4 4  .00840187643  0.  0.
 2 4 5  .0135168548  0.  0.
 2 4 6  .0198832358  0.  0.
 2 4 7  .027532014  0.  0.
 2 4 8  .0365008049  0.  0.
 2 4 9  .0468342456  0.  0.
 2 4 10  .0585844753  0.  0.
 2 4 11  .0718117069  0.  0.
 2 4 12  .0865849001  0.  0.
 2 4 13  .102982549  0.  0.
 2 4 14  .121093603  0.  0.
 2 4 15  .141018533  0.  0.
 2 4 16  .162870577  0.  0.
 2 4 17  .18677718  0.  0.
 2 4 18  .212881673  0.  0.
 2 4 19  .241345221  0.  0.
 2 4 20  .272349093  0.  0.
 2 4 21  .306097317  0.  0.
 2 4 22  .342819777  0.  0.
 2 4 23  .382775851  0.  0.
 2 4 24  .426258691  0.  0.
 2 4 25  .473600276  0.  0.
 2 4 26  .525177394  0.  0.
 2 4 27  .581418757  0.  0.
 2 4 28  .642813502  0.  0.
 2 4 29  .709921379  0.  0.
 2 4 30  .783385027  0.  0.
 2 4 31  .863944847  0.  0.
 2 4 32  .952457098  0.  0.
 2 4 33  1.04991606  0.  0.
 2 4 34  1.15748129  0.  0.
 2 4 35  1.27651151  0.  0.
 2 4 36  1.40860669  0.  0.
 2 4 37  1.55566116  0.  0.
 2 4 38  1.71993075  0.  0.
 2 4 39  1.90411852  0.  0.
 2 4 40  2.11148526  0.  0.
 2 4 41  2.34599322  0.  0.
 2 4 42  2.61249501  0.  0.
 2 4 43  2.91698457  0.  0.
 2 4 44  3.26693487  0.  0.
 2 4 45  3.67175814  0.  0.
 2 4 46  4.14344231  0.  0.
 2 4 47  4.69744523  0.  0.
 2 4 48  5.3539731  0.  0.
 2 4 49  6.13984439  0.  0.
 2 4 50  7.09126648  0.  0.
 2 4 51  8.25807452  0.  0.
 2 4 52  9.71038303  0.  0.
 2 4 53  11.5493579  0.  0.
 2 4 54  13.9253061  0.  0.
 2 4 55  17.0693686  0.  0.
 2 4 56  21.3518973  0.  0.
 2 4 57  27.3966561  0.  0.
 2 4 58  36.3213531  0.  0.
 2 4 59  50.2936248  0.  0.
 2 4 60  73.9817076  0.  0.
 2 4 61  119.021032  0.  0.
 2 4 62  221.552873  0.  0.
 2 4 63  545.465522  0.  0.
 2 4 64  2876.87066  0.  0.
 3 0 1  .000347599916  3.83717433E-05 -3.91706349E-15
 3 0 2  .00183329644  .027831936 -2.9386883E-12
 3 0 3  .00451359526  .342344348 -3.61638234E-11
 3 0 4  .00840187643  .565230644 -5.97112198E-11
 3 0 5  .0135168548  .638412845 -6.74570099E-11
 3 0 6  .0198832358  .655296641 -6.92670497E-11
 3 0 7  .027532014  .658493084 -6.96490167E-11
 3 0 8  .0365008049  .658491255 -6.97239621E-11
 3 0 9  .0468342456  .657306474 -6.97052466E-11
 3 0 10  .0585844753  .655278568 -6.96484116E-11
 3 0 11  .0718117069  .652359788 -6.9555168E-11
 3 0 12  .0865849001  .648380714 -6.94260792E-11
 3 0 13  .102982549  .643112923 -6.92531748E-11
 3 0 14  .121093603  .636285234 -6.90280465E-11
 3 0 15  .141018533  .62758854 -6.87387806E-11
 3 0 16  .162870577  .616678663 -6.83736305E-11
 3 0 17  .18677718  .603180698 -6.7917657E-11
 3 0 18  .212881673  .586696925 -6.73535636E-11
 3 0 19  .241345221  .56682031 -6.66642829E-11
 3 0 20  .272349093  .54315577 -6.58252367E-11
 3 0 21  .306097317  .51535177 -6.48135991E-11
 3 0 22  .342819777  .483144639 -6.36024757E-11
 3 0 23  .382775851  .446417458 -6.21614251E-11
 3 0 24  .426258691  .405273389 -6.04599644E-11
 3 0 25  .473600276  .360119468 -5.84583047E-11
 3 0 26  .525177394  .311750446 -5.6121905E-11
 3 0 27  .581418757  .261412931 -5.34096204E-11
 3 0 28  .642813502  .210819392 -5.02945146E-11
 3 0 29  .709921379  .162073546 -4.67508201E-11
 3 0 30  .783385027  .117471413 -4.27803991E-11
 3 0 31  .863944847  .0791669065 -3.84181082E-11
 3 0 32  .952457098  .0487448013 -3.37455069E-11
 3 0 33  1.04991606  .0268187842 -2.89077995E-11
 3 0 34  1.15748129  .0128292689 -2.40895058E-11
 3 0 35  1.27651151  .00519138788 -1.95045808E-11
 3 0 36  1.40860669  .00179733024 -1.53514356E-11
 3 0 37  1.55566116  .000665255882 -1.17685241E-11
 3 0 38  1.71993075  .000413413434 -8.81638276E-12
 3 0 39  1.90411852  .000356311403 -6.4800056E-12
 3 0 40  2.11148526  .000290586953 -4.6887314E-12
 3 0 41  2.34599322  .000211853182 -3.34048332E-12
 3 0 42  2.61249501  .000144100731 -2.34142263E-12
 3 0 43  2.91698457  9.46066873E-05 -1.61269105E-12
 3 0 44  3.26693487  6.06635051E-05 -1.0873946E-12
 3 0 45  3.67175814  3.80756678E-05 -7.08527205E-13
 3 0 46  4.14344231  2.33953101E-05 -4.43131865E-13
 3 0 47  4.69744523  1.40456277E-05 -2.63147836E-13
 3 0 48  5.3539731  8.20353328E-06 -1.5183522E-13
 3 0 49  6.13984439  4.6395047E-06 -9.0683007E-14
 3 0 50  7.09126648  2.5353164E-06 -5.38954209E-14
 3 0 51  8.25807452  1.33674982E-06 -3.14360636E-14
 3 0 52  9.71038303  6.76193601E-07 -1.67467309E-14
 3 0 53  11.5493579  3.25355342E-07 -7.96473979E-15
 3 0 54  13.9253061  1.47685141E-07 -5.85397177E-15
 3 0 55  17.0693686  6.25511742E-08 -2.02775574E-15
 3 0 56  21.3518973  2.43527893E-08 -1.00588718E-15
 3 0 57  27.3966561  8.53503782E-09 -4.34442114E-16
 3 0 58  36.3213531  2.61316335E-09 -4.15900924E-16
 3 0 59  50.2936248  6.68548987E-10  6.4594063E-17
 3 0 60  73.9817076  1.33305E-10 -3.52520838E-16
 3 0 61  119.021032  1.83610212E-11 -2.55817165E-16
 3 0 62  221.552873  1.37948887E-12 -5.94780575E-16
 3 0 63  545.465522  3.1282493E-14 -4.61365447E-17
 3 0 64  2876.87066  5.81491827E-16 -2.46451969E-16
 3 1 1  .000347599916 -5.19647929E-08 -1.31549587E-16
 3 1 2  .00183329644 -2.56916536E-07 -9.06600598E-15
 3 1 3  .00451359526 -2.11898075E-07 -4.56771206E-14
 3 1 4  .00840187643 -5.40200438E-08 -3.40546125E-14
 3 1 5  .0135168548 -1.44134278E-08 -2.92569222E-14
 3 1 6  .0198832358 -4.62357602E-09 -1.69468861E-14
 3 1 7  .027532014 -1.74882312E-09 -1.49798201E-14
 3 1 8  .0365008049 -7.51015114E-10 -9.78378434E-15
 3 1 9  .0468342456 -3.55393371E-10 -8.67361289E-15
 3 1 10  .0585844753 -1.8140234E-10 -5.4127669E-15
 3 1 11  .0718117069 -9.83543448E-11 -5.61070357E-15
 3 1 12  .0865849001 -5.599519E-11 -4.67949352E-15
 3 1 13  .102982549 -3.3185559E-11 -2.80200569E-15
 3 1 14  .121093603 -2.03316876E-11 -3.12041946E-15
 3 1 15  .141018533 -1.28035505E-11 -3.4576618E-15
 3 1 16  .162870577 -8.2513285E-12 -2.69167242E-15
 3 1 17  .18677718 -5.41848664E-12 -3.24418211E-15
 3 1 18  .212881673 -3.61058089E-12 -1.63520092E-15
 3 1 19  .241345221 -2.43254358E-12 -2.74275915E-15
 3 1 20  .272349093 -1.65624637E-12 -3.43927707E-15
 3 1 21  .306097317 -1.1295087E-12 -1.45086801E-15
 3 1 22  .342819777 -7.70750783E-13 -2.0164315E-15
 3 1 23  .382775851 -5.22852524E-13 -1.61416147E-15
 3 1 24  .426258691 -3.53031542E-13 -2.65288833E-15
 3 1 25  .473600276 -2.34264008E-13 -2.69324707E-15
 3 1 26  .525177394 -1.51341016E-13 -2.40477234E-15
 3 1 27  .581418757 -9.65654717E-14 -2.64692411E-15
 3 1 28  .642813502 -5.84172506E-14 -1.60801068E-15
 3 1 29  .709921379 -3.5020191E-14 -2.93865752E-15
 3 1 30  .783385027 -2.15726717E-14 -1.5781961E-15
 3 1 31  .863944847 -1.1059009E-14 -2.34172345E-15
 3 1 32  .952457098 -6.38379251E-15 -2.44885055E-15
 3 1 33  1.04991606 -5.65836285E-15 -2.57875419E-15
 3 1 34  1.15748129 -4.01389536E-15 -2.3148939E-15
 3 1 35  1.27651151 -3.86735086E-15 -3.27260086E-15
 3 1 36  1.40860669 -3.90592701E-15 -1.59924915E-15
 3 1 37  1.55566116 -3.08865001E-15 -1.10337836E-15
 3 1 38  1.71993075 -3.13075937E-15 -6.31392687E-16
 3 1 39  1.90411852 -1.88234634E-15 -8.04458427E-16
 3 1 40  2.11148526 -2.4553883E-15 -1.11431483E-15
 3 1 41  2.34599322 -1.84505134E-15 -8.27927306E-16
 3 1 42  2.61249501 -1.66870967E-15 -2.4970226E-16
 3 1 43  2.91698457 -1.11966909E-15 -3.03209868E-16
 3 1 44  3.26693487 -9.41857881E-16 -9.22220637E-17
 3 1 45  3.67175814 -5.91790706E-16  3.95291314E-16
 3 1 46  4.14344231 -6.83722996E-16 -1.37173045E-16
 3 1 47  4.69744523 -4.65680182E-18  6.53059018E-16
 3 1 48  5.3539731  4.2215375E-17 -4.29973602E-16
 3 1 49  6.13984439 -7.7532921E-16 -1.4491199E-16
 3 1 50  7.09126648 -3.17047109E-16 -1.97962184E-16
 3 1 51  8.25807452  1.14101835E-16  7.70597183E-17
 3 1 52  9.71038303  6.00725121E-17 -4.5427612E-17
 3 1 53  11.5493579 -5.67248313E-16 -4.29929621E-16
 3 1 54  13.9253061 -6.15231696E-16  1.81220723E-17
 3 1 55  17.0693686  5.67750365E-16 -8.62129018E-16
 3 1 56  21.3518973 -8.62099823E-16  3.61724184E-16
 3 1 57  27.3966561 -1.10634762E-15  2.31232194E-16
 3 1 58  36.3213531 -1.05042722E-15 -8.29302776E-18
 3 1 59  50.2936248 -8.58268028E-16 -2.2476159E-16
 3 1 60  73.9817076  2.32178724E-17  4.87710077E-17
 3 1 61  119.021032 -6.16844493E-16  3.10335484E-16
 3 1 62  221.552873  3.36941595E-16  4.57916754E-16
 3 1 63  545.465522 -3.3817118E-16 -2.28911335E-16
 3 1 64  2876.87066 -1.66165339E-16 -1.87919595E-16
 3 2 1  .000347599916  1.91849368E-05 -1.84099557E-15
 3 2 2  .00183329644  .0136165043 -1.43778655E-12
 3 2 3  .00451359526  .11134264 -1.17607205E-11
 3 2 4  .00840187643  .0676039894 -7.14165762E-12
 3 2 5  .0135168548  .0179504252 -1.89584189E-12
 3 2 6  .0198832358  .00438513876 -4.62702265E-13
 3 2 7  .027532014  .00130732717 -1.37572158E-13
 3 2 8  .0365008049  .000504840219 -5.31767611E-14
 3 2 9  .0468342456  .000258980412 -2.76877824E-14
 3 2 10  .0585844753  .000171502728 -1.90251104E-14
 3 2 11  .0718117069  .000134808525 -1.5209922E-14
 3 2 12  .0865849001  .000115519602 -1.42771155E-14
 3 2 13  .102982549  .000101916333 -1.26435083E-14
 3 2 14  .121093603  8.93307524E-05 -1.14933459E-14
 3 2 15  .141018533  7.55995337E-05 -1.12284617E-14
 3 2 16  .162870577  5.95121663E-05 -1.14078706E-14
 3 2 17  .18677718  4.02469766E-05 -1.06503369E-14
 3 2 18  .212881673  1.71683351E-05 -1.06229993E-14
 3 2 19  .241345221 -1.02241743E-05 -9.44096615E-15
 3 2 20  .272349093 -4.22658131E-05 -9.05053142E-15
 3 2 21  .306097317 -7.90382806E-05 -7.81581195E-15
 3 2 22  .342819777 -.000120228942 -8.13154334E-15
 3 2 23  .382775851 -.000164943758 -7.15540829E-15
 3 2 24  .426258691 -.00021149289 -6.56534856E-15
 3 2 25  .473600276 -.00025719429 -6.01889754E-15
 3 2 26  .525177394 -.000298279203 -5.40378101E-15
 3 2 27  .581418757 -.000330026009 -4.41600645E-15
 3 2 28  .642813502 -.000347272897 -4.19069397E-15
 3 2 29  .709921379 -.000345423388 -2.10020655E-16
 3 2 30  .783385027 -.000321905518  5.14257706E-16
 3 2 31  .863944847 -.000277741469  3.40465741E-15
 3 2 32  .952457098 -.000218502726  7.17916105E-15
 3 2 33  1.04991606 -.000153740057  9.74534551E-15
 3 2 34  1.15748129 -9.44081579E-05  1.08572834E-14
 3 2 35  1.27651151 -4.9022727E-05  1.12235588E-14
 3 2 36  1.40860669 -2.06202289E-05  9.58760398E-15
 3 2 37  1.55566116 -6.59155063E-06  6.99980045E-15
 3 2 38  1.71993075 -1.44512736E-06  6.44707743E-15
 3 2 39  1.90411852 -2.04705055E-07  3.67214765E-15
 3 2 40  2.11148526 -6.80690372E-08  2.23887835E-15
 3 2 41  2.34599322 -6.44953732E-08  1.01304505E-15
 3 2 42  2.61249501 -3.71820619E-08  2.70394244E-16
 3 2 43  2.91698457 -6.14582845E-10  1.75437198E-15
 3 2 44  3.26693487  2.94222013E-08  4.10766793E-15
 3 2 45  3.67175814  3.88151657E-08  4.59814598E-15
 3 2 46  4.14344231  2.61958591E-08  4.49919263E-15
 3 2 47  4.69744523  8.48641274E-09  2.81724154E-15
 3 2 48  5.3539731 -2.66007579E-09 -3.5045181E-17
 3 2 49  6.13984439 -1.01271187E-08 -3.64382399E-15
 3 2 50  7.09126648 -1.49252163E-08 -9.2305095E-15
 3 2 51  8.25807452 -1.34298132E-08 -1.15657867E-14
 3 2 52  9.71038303 -7.82830402E-09 -1.00234242E-14
 3 2 53  11.5493579 -3.30148675E-09 -6.44279829E-15
 3 2 54  13.9253061 -1.07287136E-09 -3.14504802E-15
 3 2 55  17.0693686 -3.02117188E-10 -2.13736402E-15
 3 2 56  21.3518973 -7.49261603E-11 -5.88421139E-16
 3 2 57  27.3966561 -1.47923229E-11  5.48489959E-16
 3 2 58  36.3213531 -2.75321514E-12 -5.14677342E-16
 3 2 59  50.2936248 -6.7974932E-13 -1.18561372E-15
 3 2 60  73.9817076 -7.82664583E-14  2.81615136E-16
 3 2 61  119.021032 -9.58430503E-15  3.23720849E-16
 3 2 62  221.552873 -7.6980843E-16  1.23242177E-17
 3 2 63  545.465522  1.54328765E-15 -5.83736602E-16
 3 2 64  2876.87066 -7.79915943E-17 -5.38640156E-16
 3 3 1  .000347599916  0.  0.
 3 3 2  .00183329644  0.  0.
 3 3 3  .00451359526  0.  0.
 3 3 4  .00840187643  0.  0.
 3 3 5  .0135168548  0.  0.
 3 3 6  .0198832358  0.  0.
 3 3 7  .027532014  0.  0.
 3 3 8  .0365008049  0.  0.
 3 3 9  .0468342456  0.  0.
 3 3 10  .0585844753  0.  0.
 3 3 11  .0718117069  0.  0.
 3 3 12  .0865849001  0.  0.
 3 3 13  .102982549  0.  0.
 3 3 14  .121093603  0.  0.
 3 3 15  .141018533  0.  0.
 3 3 16  .162870577  0.  0.
 3 3 17  .18677718  0.  0.
 3 3 18  .212881673  0.  0.
 3 3 19  .241345221  0.  0.
 3 3 20  .272349093  0.  0.
 3 3 21  .306097317  0.  0.
 3 3 22  .342819777  0.  0.
 3 3 23  .382775851  0.  0.
 3 3 24  .426258691  0.  0.
 3 3 25  .473600276  0.  0.
 3 3 26  .525177394  0.  0.
 3 3 27  .581418757  0.  0.
 3 3 28  .642813502  0.  0.
 3 3 29  .709921379  0.  0.
 3 3 30  .783385027  0.  0.
 3 3 31  .863944847  0.  0.
 3 3 32  .952457098  0.  0.
 3 3 33  1.04991606  0.  0.
 3 3 34  1.15748129  0.  0.
 3 3 35  1.27651151  0.  0.
 3 3 36  1.40860669  0.  0.
 3 3 37  1.55566116  0.  0.
 3 3 38  1.71993075  0.  0.
 3 3 39  1.90411852  0.  0.
 3 3 40  2.11148526  0.  0.
 3 3 41  2.34599322  0.  0.
 3 3 42  2.61249501  0.  0.
 3 3 43  2.91698457  0.  0.
 3 3 44  3.26693487  0.  0.
 3 3 45  3.67175814  0.  0.
 3 3 46  4.14344231  0.  0.
 3 3 47  4.69744523  0.  0.
 3 3 48  5.3539731  0.  0.
 3 3 49  6.13984439  0.  0.
 3 3 50  7.09126648  0.  0.
 3 3 51  8.25807452  0.  0.
 3 3 52  9.71038303  0.  0.
 3 3 53  11.5493579  0.  0.
 3 3 54  13.9253061  0.  0.
 3 3 55  17.0693686  0.  0.
 3 3 56  21.3518973  0.  0.
 3 3 57  27.3966561  0.  0.
 3 3 58  36.3213531  0.  0.
 3 3 59  50.2936248  0.  0.
 3 3 60  73.9817076  0.  0.
 3 3 61  119.021032  0.  0.
 3 3 62  221.552873  0.  0.
 3 3 63  545.465522  0.  0.
 3 3 64  2876.87066  0.  0.
 3 4 1  .000347599916  0.  0.
 3 4 2  .00183329644  0.  0.
 3 4 3  .00451359526  0.  0.
 3 4 4  .00840187643  0.  0.
 3 4 5  .0135168548  0.  0.
 3 4 6  .0198832358  0.  0.
 3 4 7  .027532014  0.  0.
 3 4 8  .0365008049  0.  0.
 3 4 9  .0468342456  0.  0.
 3 4 10  .0585844753  0.  0.
 3 4 11  .0718117069  0.  0.
 3 4 12  .0865849001  0.  0.
 3 4 13  .102982549  0.  0.
 3 4 14  .121093603  0.  0.
 3 4 15  .141018533  0.  0.
 3 4 16  .162870577  0.  0.
 3 4 17  .18677718  0.  0.
 3 4 18  .212881673  0.  0.
 3 4 19  .241345221  0.  0.
 3 4 20  .272349093  0.  0.
 3 4 21  .306097317  0.  0.
 3 4 22  .342819777  0.  0.
 3 4 23  .382775851  0.  0.
 3 4 24  .426258691  0.  0.
 3 4 25  .473600276  0.  0.
 3 4 26  .525177394  0.  0.
 3 4 27  .581418757  0.  0.
 3 4 28  .642813502  0.  0.
 3 4 29  .709921379  0.  0.
 3 4 30  .783385027  0.  0.
 3 4 31  .863944847  0.  0.
 3 4 32  .952457098  0.  0.
 3 4 33  1.04991606  0.  0.
 3 4 34  1.15748129  0.  0.
 3 4 35  1.27651151  0.  0.
 3 4 36  1.40860669  0.  0.
 3 4 37  1.55566116  0.  0.
 3 4 38  1.71993075  0.  0.
 3 4 39  1.90411852  0.  0.
 3 4 40  2.11148526  0.  0.
 3 4 41  2.34599322  0.  0.
 3 4 42  2.61249501  0.  0.
 3 4 43  2.91698457  0.  0.
 3 4 44  3.26693487  0.  0.
 3 4 45  3.67175814  0.  0.
 3 4 46  4.14344231  0.  0.
 3 4 47  4.69744523  0.  0.
 3 4 48  5.3539731  0.  0.
 3 4 49  6.13984439  0.  0.
 3 4 50  7.09126648  0.  0.
 3 4 51  8.25807452  0.  0.
 3 4 52  9.71038303  0.  0.
 3 4 53  11.5493579  0.  0.
 3 4 54  13.9253061  0.  0.
 3 4 55  17.0693686  0.  0.
 3 4 56  21.3518973  0.  0.
 3 4 57  27.3966561  0.  0.
 3 4 58  36.3213531  0.  0.
 3 4 59  50.2936248  0.  0.
 3 4 60  73.9817076  0.  0.
 3 4 61  119.021032  0.  0.
 3 4 62  221.552873  0.  0.
 3 4 63  545.465522  0.  0.
 3 4 64  2876.87066  0.  0.
 4 0 1  .000347599916  .318617388 -3.90733822E-11
 4 0 2  .00183329644  .318614271 -3.90743524E-11
 4 0 3  .00451359526  .318597908 -3.90710976E-11
 4 0 4  .00840187643  .318549607 -3.90646087E-11
 4 0 5  .0135168548  .318441799 -3.90515579E-11
 4 0 6  .0198832358  .31823742 -3.90259154E-11
 4 0 7  .027532014  .317889114 -3.89844576E-11
 4 0 8  .0365008049  .317338278 -3.89172634E-11
 4 0 9  .0468342456  .316513957 -3.88156844E-11
 4 0 10  .0585844753  .315331664 -3.86731379E-11
 4 0 11  .0718117069  .313692161 -3.84751335E-11
 4 0 12  .0865849001  .31148033 -3.82040824E-11
 4 0 13  .102982549  .308564284 -3.7849448E-11
 4 0 14  .121093603  .304794948 -3.73902927E-11
 4 0 15  .141018533  .300006423 -3.68083079E-11
 4 0 16  .162870577  .294017594 -3.60796768E-11
 4 0 17  .18677718  .286635531 -3.51806033E-11
 4 0 18  .212881673  .277661454 -3.40875209E-11
 4 0 19  .241345221  .266900158 -3.27755384E-11
 4 0 20  .272349093  .25417391 -3.12245213E-11
 4 0 21  .306097317  .239341852 -2.94174026E-11
 4 0 22  .342819777  .222325661 -2.73412253E-11
 4 0 23  .382775851  .20314155 -2.49995051E-11
 4 0 24  .426258691  .18193726 -2.24095388E-11
 4 0 25  .473600276  .15903037 -1.9610249E-11
 4 0 26  .525177394  .134940741 -1.66629671E-11
 4 0 27  .581418757  .11040561 -1.36585112E-11
 4 0 28  .642813502  .0863619044 -1.07077632E-11
 4 0 29  .709921379  .0638792016 -7.9457323E-12
 4 0 30  .783385027  .0440326069 -5.49901659E-12
 4 0 31  .863944847  .027721777 -3.48520078E-12
 4 0 32  .952457098  .0154712486 -1.96652962E-12
 4 0 33  1.04991606  .00727924249 -9.45750382E-13
 4 0 34  1.15748129  .00259506135 -3.55924117E-13
 4 0 35  1.27651151  .000471714916 -8.33888868E-14
 4 0 36  1.40860669 -.00014475239 -2.78895E-16
 4 0 37  1.55566116 -.000118596855  2.3547579E-15
 4 0 38  1.71993075  3.50364072E-05 -1.33502854E-14
 4 0 39  1.90411852  .0001221984 -2.25419402E-14
 4 0 40  2.11148526  .000131697946 -2.15782036E-14
 4 0 41  2.34599322  .000104919586 -1.70399644E-14
 4 0 42  2.61249501  7.30785478E-05 -1.19948435E-14
 4 0 43  2.91698457  4.79655599E-05 -8.57978436E-15
 4 0 44  3.26693487  3.07841937E-05 -4.70069701E-15
 4 0 45  3.67175814  1.96029262E-05 -5.5389834E-15
 4 0 46  4.14344231  1.23812441E-05 -3.08718073E-15
 4 0 47  4.69744523  7.67989628E-06 -2.03574382E-15
 4 0 48  5.3539731  4.6157301E-06 -1.11680619E-15
 4 0 49  6.13984439  2.65369557E-06 -9.46316432E-16
 4 0 50  7.09126648  1.44854797E-06 -6.28602965E-16
 4 0 51  8.25807452  7.53432606E-07 -5.6714499E-16
 4 0 52  9.71038303  3.77363055E-07 -5.70022873E-16
 4 0 53  11.5493579  1.82652612E-07 -1.99210339E-15
 4 0 54  13.9253061  8.43521598E-08 -2.10262596E-16
 4 0 55  17.0693686  3.66359872E-08 -2.59557066E-17
 4 0 56  21.3518973  1.46972728E-08 -2.34427604E-16
 4 0 57  27.3966561  5.32591804E-09  1.30259863E-15
 4 0 58  36.3213531  1.69322789E-09  1.37164046E-15
 4 0 59  50.2936248  4.5214504E-10  2.48150301E-16
 4 0 60  73.9817076  9.45140987E-11 -7.75833031E-16
 4 0 61  119.021032  1.37471348E-11 -1.41252443E-16
 4 0 62  221.552873  1.0980551E-12 -2.06627446E-17
 4 0 63  545.465522  2.51010412E-14 -3.186047E-16
 4 0 64  2876.87066  2.85026742E-16  3.66987282E-16
 4 1 1  .000347599916  1.1561416E-11  5.33421824E-16
 4 1 2  .00183329644  2.19191097E-12  2.11902166E-16
 4 1 3  .00451359526  8.90676333E-13 -2.00980295E-16
 4 1 4  .00840187643  4.77353884E-13  8.77092312E-16
 4 1 5  .0135168548  2.95576367E-13 -1.08009098E-15
 4 1 6  .0198832358  2.00966745E-13 -9.74585697E-17
 4 1 7  .027532014  1.45026699E-13  4.68415924E-16
 4 1 8  .0365008049  1.08155459E-13  1.8451888E-16
 4 1 9  .0468342456  8.37036239E-14 -6.96450516E-16
 4 1 10  .0585844753  6.57183056E-14 -2.49411433E-16
 4 1 11  .0718117069  5.24882905E-14 -1.79339474E-16
 4 1 12  .0865849001  4.13974348E-14  7.94523987E-16
 4 1 13  .102982549  3.42178952E-14 -1.15099952E-17
 4 1 14  .121093603  2.80455973E-14 -1.13434074E-16
 4 1 15  .141018533  2.06246154E-14  1.03799647E-15
 4 1 16  .162870577  1.66624714E-14  6.53569762E-16
 4 1 17  .18677718  1.23358266E-14  5.0455715E-16
 4 1 18  .212881673  9.60434089E-15 -1.30141767E-15
 4 1 19  .241345221  4.3037431E-15  5.92257781E-16
 4 1 20  .272349093  3.56229019E-15 -1.23093717E-15
 4 1 21  .306097317  1.08255244E-15  6.74891911E-16
 4 1 22  .342819777 -1.66917814E-15 -7.24171632E-16
 4 1 23  .382775851 -3.29228544E-15 -1.33892217E-15
 4 1 24  .426258691 -4.66138996E-15 -1.14611216E-15
 4 1 25  .473600276 -5.20470919E-15 -1.79021536E-15
 4 1 26  .525177394 -6.00225732E-15 -8.06047983E-16
 4 1 27  .581418757 -7.10682606E-15 -2.76169683E-16
 4 1 28  .642813502 -7.36070799E-15 -1.13196396E-15
 4 1 29  .709921379 -6.33617117E-15  3.55914095E-16
 4 1 30  .783385027 -5.42329451E-15 -5.05120519E-16
 4 1 31  .863944847 -4.09714871E-15 -3.37496515E-16
 4 1 32  .952457098 -5.08881573E-15 -1.65177794E-15
 4 1 33  1.04991606 -2.52282239E-15  6.94109624E-16
 4 1 34  1.15748129 -2.53744452E-15 -8.36587492E-17
 4 1 35  1.27651151 -3.56164369E-16 -6.63374785E-16
 4 1 36  1.40860669 -1.04716351E-15  1.02459453E-15
 4 1 37  1.55566116  9.64418132E-17 -9.13068865E-17
 4 1 38  1.71993075  1.12268962E-15 -5.88723117E-16
 4 1 39  1.90411852 -1.00524576E-16  3.69630832E-16
 4 1 40  2.11148526 -7.22778866E-16  1.40535603E-15
 4 1 41  2.34599322  9.24195812E-16  1.18246929E-15
 4 1 42  2.61249501  4.24033945E-16  1.35308957E-15
 4 1 43  2.91698457 -5.07660438E-16  5.95142333E-17
 4 1 44  3.26693487  9.56812439E-16  1.29326315E-16
 4 1 45  3.67175814 -2.86810278E-16 -4.24005944E-16
 4 1 46  4.14344231  9.67980007E-16 -7.06967882E-16
 4 1 47  4.69744523 -7.82703246E-18  1.25470742E-16
 4 1 48  5.3539731 -3.31816864E-16 -1.4714307E-16
 4 1 49  6.13984439 -3.6422194E-16 -1.99146817E-17
 4 1 50  7.09126648  1.59535631E-15 -9.80743507E-16
 4 1 51  8.25807452  3.4187425E-16  1.74881568E-16
 4 1 52  9.71038303 -2.10768728E-17 -3.35145195E-16
 4 1 53  11.5493579 -2.07182666E-16 -3.31091881E-16
 4 1 54  13.9253061  8.2613845E-16 -5.47212937E-16
 4 1 55  17.0693686  8.22609885E-17  1.91411194E-16
 4 1 56  21.3518973 -1.62747632E-16 -1.62087751E-16
 4 1 57  27.3966561  2.54445093E-16 -1.24335107E-15
 4 1 58  36.3213531  6.54574545E-16  3.74235623E-16
 4 1 59  50.2936248 -1.40885621E-15  8.16796407E-16
 4 1 60  73.9817076  5.01045928E-16 -3.23955564E-16
 4 1 61  119.021032  3.10958001E-16  3.13697798E-16
 4 1 62  221.552873  7.49552773E-16  9.67656081E-16
 4 1 63  545.465522 -4.80251522E-16 -4.24325708E-16
 4 1 64  2876.87066 -5.9138469E-16  9.9008593E-16
 4 2 1  .000347599916  5.89013071E-05 -7.1988387E-15
 4 2 2  .00183329644  5.88956527E-05 -7.5180161E-15
 4 2 3  .00451359526  5.88659736E-05 -7.21851127E-15
 4 2 4  .00840187643  5.87784036E-05 -7.25458358E-15
 4 2 5  .0135168548  5.85830186E-05 -7.26670446E-15
 4 2 6  .0198832358  5.82127225E-05 -7.31765345E-15
 4 2 7  .027532014  5.75819178E-05 -7.74993535E-15
 4 2 8  .0365008049  5.6584963E-05 -6.89434441E-15
 4 2 9  .0468342456  5.50945271E-05 -7.61353653E-15
 4 2 10  .0585844753  5.29600137E-05 -6.02349221E-15
 4 2 11  .0718117069  5.0006316E-05 -6.58979409E-15
 4 2 12  .0865849001  4.60332776E-05 -5.43324911E-15
 4 2 13  .102982549  4.08164229E-05 -4.28415011E-15
 4 2 14  .121093603  3.41097565E-05 -4.26923013E-15
 4 2 15  .141018533  2.5651765E-05 -3.03086216E-15
 4 2 16  .162870577  1.51761765E-05 -1.18755461E-15
 4 2 17  .18677718  2.42953938E-06 -7.38101558E-16
 4 2 18  .212881673 -1.28017816E-05  2.18899159E-15
 4 2 19  .241345221 -3.06521687E-05  4.88536288E-15
 4 2 20  .272349093 -5.11218638E-05  7.71338676E-15
 4 2 21  .306097317 -7.40046287E-05  1.06904818E-14
 4 2 22  .342819777 -9.87989061E-05  1.27590935E-14
 4 2 23  .382775851 -.000124609597  1.54398291E-14
 4 2 24  .426258691 -.000150058229  1.90754176E-14
 4 2 25  .473600276 -.000173234952  2.23980024E-14
 4 2 26  .525177394 -.000191744268  2.46302831E-14
 4 2 27  .581418757 -.000202910445  2.51717217E-14
 4 2 28  .642813502 -.000204202881  2.62595401E-14
 4 2 29  .709921379 -.000193893145  2.47646902E-14
 4 2 30  .783385027 -.000171842431  2.04022255E-14
 4 2 31  .863944847 -.000140147488  1.80474014E-14
 4 2 32  .952457098 -.000103223233  1.38300155E-14
 4 2 33  1.04991606 -6.69412097E-05  8.9893552E-15
 4 2 34  1.15748129 -3.68483821E-05  4.48934558E-15
 4 2 35  1.27651151 -1.61896184E-05  1.45056435E-15
 4 2 36  1.40860669 -4.92054752E-06  4.7800743E-16
 4 2 37  1.55566116 -4.38919259E-07 -3.54121891E-16
 4 2 38  1.71993075  5.32461048E-07  4.10983257E-16
 4 2 39  1.90411852  3.59147246E-07 -3.00213881E-16
 4 2 40  2.11148526  9.9294093E-08 -4.37946196E-16
 4 2 41  2.34599322 -3.02912913E-08  9.07039141E-16
 4 2 42  2.61249501 -1.00828808E-07 -1.16240466E-16
 4 2 43  2.91698457 -1.86876175E-07  2.04137273E-16
 4 2 44  3.26693487 -2.87992794E-07 -6.71944538E-16
 4 2 45  3.67175814 -3.46499811E-07 -1.49946006E-16
 4 2 46  4.14344231 -3.1567345E-07 -9.80170565E-16
 4 2 47  4.69744523 -2.10852814E-07  5.18149022E-16
 4 2 48  5.3539731 -8.99580188E-08 -2.61593743E-16
 4 2 49  6.13984439 -2.49322829E-09  2.06353035E-16
 4 2 50  7.09126648  3.5092837E-08 -1.51260274E-16
 4 2 51  8.25807452  3.48900158E-08 -3.41099979E-16
 4 2 52  9.71038303  2.04632045E-08 -1.03883313E-15
 4 2 53  11.5493579  8.75399143E-09 -2.00390558E-16
 4 2 54  13.9253061  2.91179848E-09 -6.21775444E-16
 4 2 55  17.0693686  8.48485863E-10 -1.13678082E-16
 4 2 56  21.3518973  2.20561312E-10  3.1443221E-17
 4 2 57  27.3966561  4.69458951E-11  1.93108999E-17
 4 2 58  36.3213531  9.54212193E-12  3.45047841E-16
 4 2 59  50.2936248  2.38676846E-12 -2.49485008E-16
 4 2 60  73.9817076  3.13457055E-13  5.57412416E-16
 4 2 61  119.021032  4.17412568E-14  8.99274785E-17
 4 2 62  221.552873  2.88271786E-15  3.21647805E-16
 4 2 63  545.465522  2.60468006E-16  1.35167039E-15
 4 2 64  2876.87066 -2.1133393E-16  4.83555597E-16
 4 3 1  .000347599916  0.  0.
 4 3 2  .00183329644  0.  0.
 4 3 3  .00451359526  0.  0.
 4 3 4  .00840187643  0.  0.
 4 3 5  .0135168548  0.  0.
 4 3 6  .0198832358  0.  0.
 4 3 7  .027532014  0.  0.
 4 3 8  .0365008049  0.  0.
 4 3 9  .0468342456  0.  0.
 4 3 10  .0585844753  0.  0.
 4 3 11  .0718117069  0.  0.
 4 3 12  .0865849001  0.  0.
 4 3 13  .102982549  0.  0.
 4 3 14  .121093603  0.  0.
 4 3 15  .141018533  0.  0.
 4 3 16  .162870577  0.  0.
 4 3 17  .18677718  0.  0.
 4 3 18  .212881673  0.  0.
 4 3 19  .241345221  0.  0.
 4 3 20  .272349093  0.  0.
 4 3 21  .306097317  0.  0.
 4 3 22  .342819777  0.  0.
 4 3 23  .382775851  0.  0.
 4 3 24  .426258691  0.  0.
 4 3 25  .473600276  0.  0.
 4 3 26  .525177394  0.  0.
 4 3 27  .581418757  0.  0.
 4 3 28  .642813502  0.  0.
 4 3 29  .709921379  0.  0.
 4 3 30  .783385027  0.  0.
 4 3 31  .863944847  0.  0.
 4 3 32  .952457098  0.  0.
 4 3 33  1.04991606  0.  0.
 4 3 34  1.15748129  0.  0.
 4 3 35  1.27651151  0.  0.
 4 3 36  1.40860669  0.  0.
 4 3 37  1.55566116  0.  0.
 4 3 38  1.71993075  0.  0.
 4 3 39  1.90411852  0.  0.
 4 3 40  2.11148526  0.  0.
 4 3 41  2.34599322  0.  0.
 4 3 42  2.61249501  0.  0.
 4 3 43  2.91698457  0.  0.
 4 3 44  3.26693487  0.  0.
 4 3 45  3.67175814  0.  0.
 4 3 46  4.14344231  0.  0.
 4 3 47  4.69744523  0.  0.
 4 3 48  5.3539731  0.  0.
 4 3 49  6.13984439  0.  0.
 4 3 50  7.09126648  0.  0.
 4 3 51  8.25807452  0.  0.
 4 3 52  9.71038303  0.  0.
 4 3 53  11.5493579  0.  0.
 4 3 54  13.9253061  0.  0.
 4 3 55  17.0693686  0.  0.
 4 3 56  21.3518973  0.  0.
 4 3 57  27.3966561  0.  0.
 4 3 58  36.3213531  0.  0.
 4 3 59  50.2936248  0.  0.
 4 3 60  73.9817076  0.  0.
 4 3 61  119.021032  0.  0.
 4 3 62  221.552873  0.  0.
 4 3 63  545.465522  0.  0.
 4 3 64  2876.87066  0.  0.
 4 4 1  .000347599916  0.  0.
 4 4 2  .00183329644  0.  0.
 4 4 3  .00451359526  0.  0.
 4 4 4  .00840187643  0.  0.
 4 4 5  .0135168548  0.  0.
 4 4 6  .0198832358  0.  0.
 4 4 7  .027532014  0.  0.
 4 4 8  .0365008049  0.  0.
 4 4 9  .0468342456  0.  0.
 4 4 10  .0585844753  0.  0.
 4 4 11  .0718117069  0.  0.
 4 4 12  .0865849001  0.  0.
 4 4 13  .102982549  0.  0.
 4 4 14  .121093603  0.  0.
 4 4 15  .141018533  0.  0.
 4 4 16  .162870577  0.  0.
 4 4 17  .18677718  0.  0.
 4 4 18  .212881673  0.  0.
 4 4 19  .241345221  0.  0.
 4 4 20  .272349093  0.  0.
 4 4 21  .306097317  0.  0.
 4 4 22  .342819777  0.  0.
 4 4 23  .382775851  0.  0.
 4 4 24  .426258691  0.  0.
 4 4 25  .473600276  0.  0.
 4 4 26  .525177394  0.  0.
 4 4 27  .581418757  0.  0.
 4 4 28  .642813502  0.  0.
 4 4 29  .709921379  0.  0.
 4 4 30  .783385027  0.  0.
 4 4 31  .863944847  0.  0.
 4 4 32  .952457098  0.  0.
 4 4 33  1.04991606  0.  0.
 4 4 34  1.15748129  0.  0.
 4 4 35  1.27651151  0.  0.
 4 4 36  1.40860669  0.  0.
 4 4 37  1.55566116  0.  0.
 4 4 38  1.71993075  0.  0.
 4 4 39  1.90411852  0.  0.
 4 4 40  2.11148526  0.  0.
 4 4 41  2.34599322  0.  0.
 4 4 42  2.61249501  0.  0.
 4 4 43  2.91698457  0.  0.
 4 4 44  3.26693487  0.  0.
 4 4 45  3.67175814  0.  0.
 4 4 46  4.14344231  0.  0.
 4 4 47  4.69744523  0.  0.
 4 4 48  5.3539731  0.  0.
 4 4 49  6.13984439  0.  0.
 4 4 50  7.09126648  0.  0.
 4 4 51  8.25807452  0.  0.
 4 4 52  9.71038303  0.  0.
 4 4 53  11.5493579  0.  0.
 4 4 54  13.9253061  0.  0.
 4 4 55  17.0693686  0.  0.
 4 4 56  21.